0.000000	0.0720459
0.002000	0.0720195
0.004000	0.0720115
0.006000	0.0719976
0.008000	0.0719712
0.010000	0.0719518
0.012000	0.0719284
0.014000	0.071903
0.016000	0.0718766
0.018000	0.0718502
0.020000	0.0718238
0.022000	0.0717975
0.024000	0.0717711
0.026000	0.0717447
0.028000	0.0717184
0.030000	0.071692
0.032000	0.0716656
0.034000	0.0716393
0.036000	0.0716129
0.038000	0.0715865
0.040000	0.0715601
0.042000	0.0715337
0.044000	0.0715073
0.046000	0.0714809
0.048000	0.0714545
0.050000	0.0714281
0.052000	0.0714016
0.054000	0.0713752
0.056000	0.0713487
0.058000	0.0713223
0.060000	0.0712958
0.062000	0.0712693
0.064000	0.0712428
0.066000	0.0712163
0.068000	0.0711897
0.070000	0.0711632
0.072000	0.0711366
0.074000	0.07111
0.076000	0.0710834
0.078000	0.0710568
0.080000	0.0710301
0.082000	0.0710034
0.084000	0.0709767
0.086000	0.07095
0.088000	0.0709233
0.090000	0.0708965
0.092000	0.0708697
0.094000	0.0708429
0.096000	0.070816
0.098000	0.0707891
0.100000	0.0707622
0.102000	0.0707353
0.104000	0.0707083
0.106000	0.0706813
0.108000	0.0706543
0.110000	0.0706272
0.112000	0.0706001
0.114000	0.070573
0.116000	0.0705458
0.118000	0.0705186
0.120000	0.0704914
0.122000	0.0704641
0.124000	0.0704367
0.126000	0.0704094
0.128000	0.070382
0.130000	0.0703545
0.132000	0.070327
0.134000	0.0702995
0.136000	0.0702719
0.138000	0.0702442
0.140000	0.0702165
0.142000	0.0701888
0.144000	0.070161
0.146000	0.0701332
0.148000	0.0701053
0.150000	0.0700774
0.152000	0.0700494
0.154000	0.0700213
0.156000	0.0699932
0.158000	0.0699651
0.160000	0.0699369
0.162000	0.0699086
0.164000	0.0698802
0.166000	0.0698518
0.168000	0.0698234
0.170000	0.0697949
0.172000	0.0697663
0.174000	0.0697376
0.176000	0.0697089
0.178000	0.0696801
0.180000	0.0696512
0.182000	0.0696223
0.184000	0.0695933
0.186000	0.0695642
0.188000	0.0695351
0.190000	0.0695059
0.192000	0.0694765
0.194000	0.0694472
0.196000	0.0694177
0.198000	0.0693882
0.200000	0.0693585
0.202000	0.0693288
0.204000	0.069299
0.206000	0.0692692
0.208000	0.0692392
0.210000	0.0692091
0.212000	0.069179
0.214000	0.0691487
0.216000	0.0691184
0.218000	0.069088
0.220000	0.0690575
0.222000	0.0690268
0.224000	0.0689961
0.226000	0.0689653
0.228000	0.0689344
0.230000	0.0689033
0.232000	0.0688722
0.234000	0.0688409
0.236000	0.0688096
0.238000	0.0687781
0.240000	0.0687465
0.242000	0.0687149
0.244000	0.068683
0.246000	0.0686511
0.248000	0.0686191
0.250000	0.0685869
0.252000	0.0685546
0.254000	0.0685222
0.256000	0.0684896
0.258000	0.0684569
0.260000	0.0684241
0.262000	0.0683912
0.264000	0.0683581
0.266000	0.0683249
0.268000	0.0682915
0.270000	0.068258
0.272000	0.0682244
0.274000	0.0681906
0.276000	0.0681566
0.278000	0.0681225
0.280000	0.0680883
0.282000	0.0680539
0.284000	0.0680193
0.286000	0.0679846
0.288000	0.0679497
0.290000	0.0679146
0.292000	0.0678794
0.294000	0.067844
0.296000	0.0678084
0.298000	0.0677726
0.300000	0.0677367
0.302000	0.0677006
0.304000	0.0676643
0.306000	0.0676278
0.308000	0.0675911
0.310000	0.0675542
0.312000	0.0675171
0.314000	0.0674798
0.316000	0.0674423
0.318000	0.0674046
0.320000	0.0673667
0.322000	0.0673286
0.324000	0.0672902
0.326000	0.0672517
0.328000	0.0672129
0.330000	0.0671738
0.332000	0.0671346
0.334000	0.0670951
0.336000	0.0670553
0.338000	0.0670153
0.340000	0.0669751
0.342000	0.0669346
0.344000	0.0668938
0.346000	0.0668528
0.348000	0.0668115
0.350000	0.06677
0.352000	0.0667281
0.354000	0.066686
0.356000	0.0666436
0.358000	0.0666009
0.360000	0.0665579
0.362000	0.0665145
0.364000	0.0664709
0.366000	0.066427
0.368000	0.0663827
0.370000	0.0663381
0.372000	0.0662932
0.374000	0.0662479
0.376000	0.0662023
0.378000	0.0661564
0.380000	0.0661101
0.382000	0.0660634
0.384000	0.0660163
0.386000	0.0659689
0.388000	0.0659211
0.390000	0.0658728
0.392000	0.0658242
0.394000	0.0657752
0.396000	0.0657257
0.398000	0.0656758
0.400000	0.0656255
0.402000	0.0655747
0.404000	0.0655235
0.406000	0.0654718
0.408000	0.0654197
0.410000	0.065367
0.412000	0.0653139
0.414000	0.0652602
0.416000	0.0652061
0.418000	0.0651514
0.420000	0.0650962
0.422000	0.0650404
0.424000	0.0649841
0.426000	0.0649272
0.428000	0.0648697
0.430000	0.0648116
0.432000	0.0647529
0.434000	0.0646935
0.436000	0.0646335
0.438000	0.0645729
0.440000	0.0645116
0.442000	0.0644496
0.444000	0.0643868
0.446000	0.0643234
0.448000	0.0642592
0.450000	0.0641943
0.452000	0.0641285
0.454000	0.064062
0.456000	0.0639947
0.458000	0.0639265
0.460000	0.0638574
0.462000	0.0637875
0.464000	0.0637166
0.466000	0.0636449
0.468000	0.0635721
0.470000	0.0634984
0.472000	0.0634237
0.474000	0.0633479
0.476000	0.063271
0.478000	0.0631931
0.480000	0.063114
0.482000	0.0630338
0.484000	0.0629523
0.486000	0.0628696
0.488000	0.0627857
0.490000	0.0627004
0.492000	0.0626137
0.494000	0.0625257
0.496000	0.0624362
0.498000	0.0623453
0.500000	0.0622528
0.502000	0.0621587
0.504000	0.062063
0.506000	0.0619656
0.508000	0.0618664
0.510000	0.0617654
0.512000	0.0616625
0.514000	0.0615577
0.516000	0.0614509
0.518000	0.0613419
0.520000	0.0612308
0.522000	0.0611175
0.524000	0.0610018
0.526000	0.0608837
0.528000	0.060763
0.530000	0.0606397
0.532000	0.0605137
0.534000	0.0603848
0.536000	0.060253
0.538000	0.060118
0.540000	0.0599799
0.542000	0.0598383
0.544000	0.0596932
0.546000	0.0595444
0.548000	0.0593917
0.550000	0.059235
0.552000	0.0590741
0.554000	0.0589086
0.556000	0.0587385
0.558000	0.0585635
0.560000	0.0583833
0.562000	0.0581976
0.564000	0.0580061
0.566000	0.0578086
0.568000	0.0576047
0.570000	0.0573939
0.572000	0.057176
0.574000	0.0569504
0.576000	0.0567168
0.578000	0.0564745
0.580000	0.0562231
0.582000	0.0559618
0.584000	0.0556902
0.586000	0.0554074
0.588000	0.0551126
0.590000	0.0548051
0.592000	0.0544838
0.594000	0.0541477
0.596000	0.0537956
0.598000	0.0534264
0.600000	0.0530386
0.602000	0.0526306
0.604000	0.0522007
0.606000	0.0517471
0.608000	0.0512676
0.610000	0.0507598
0.612000	0.0502213
0.614000	0.049649
0.616000	0.0490397
0.618000	0.04839
0.620000	0.047696
0.622000	0.0469532
0.624000	0.0461572
0.626000	0.0453029
0.628000	0.0443851
0.630000	0.0433986
0.632000	0.0423382
0.634000	0.0411992
0.636000	0.0399779
0.638000	0.0386724
0.640000	0.0372829
0.642000	0.0358134
0.644000	0.0342719
0.646000	0.0326714
0.648000	0.0310305
0.650000	0.0293724
0.652000	0.0277248
0.654000	0.026117
0.656000	0.0245784
0.658000	0.0231351
0.660000	0.0218083
0.662000	0.0206117
0.664000	0.0195518
0.666000	0.0186274
0.668000	0.0178312
0.670000	0.0171517
0.672000	0.0165743
0.674000	0.0160838
0.676000	0.0156651
0.678000	0.0153042
0.680000	0.0149888
0.682000	0.0147084
0.684000	0.0144545
0.686000	0.01422
0.688000	0.0139993
0.690000	0.0137881
0.692000	0.013583
0.694000	0.0133816
0.696000	0.0131819
0.698000	0.0129826
0.700000	0.0127826
0.702000	0.0125813
0.704000	0.0123784
0.706000	0.0121736
0.708000	0.0119668
0.710000	0.011758
0.712000	0.0115474
0.714000	0.0113352
0.716000	0.0111216
0.718000	0.0109068
0.720000	0.0106912
0.722000	0.010475
0.724000	0.0102585
0.726000	0.0100421
0.728000	0.00982611
0.730000	0.00961077
0.732000	0.0093964
0.734000	0.00918329
0.736000	0.00897173
0.738000	0.00876198
0.740000	0.00855429
0.742000	0.0083489
0.744000	0.00814605
0.746000	0.00794595
0.748000	0.00774879
0.750000	0.00755477
0.752000	0.00736405
0.754000	0.00717678
0.756000	0.00699311
0.758000	0.00681317
0.760000	0.00663707
0.762000	0.00646491
0.764000	0.00629678
0.766000	0.00613275
0.768000	0.00597288
0.770000	0.00581722
0.772000	0.00566581
0.774000	0.00551868
0.776000	0.00537584
0.778000	0.00523729
0.780000	0.00510303
0.782000	0.00497305
0.784000	0.00484732
0.786000	0.00472581
0.788000	0.00460848
0.790000	0.00449528
0.792000	0.00438617
0.794000	0.00428107
0.796000	0.00417992
0.798000	0.00408265
0.800000	0.00398918
0.802000	0.00389943
0.804000	0.00381332
0.806000	0.00373075
0.808000	0.00365163
0.810000	0.00357587
0.812000	0.00350337
0.814000	0.00343403
0.816000	0.00336775
0.818000	0.00330442
0.820000	0.00324395
0.822000	0.00318622
0.824000	0.00313113
0.826000	0.00307858
0.828000	0.00302847
0.830000	0.00298069
0.832000	0.00293514
0.834000	0.00289171
0.836000	0.00285031
0.838000	0.00281083
0.840000	0.00277318
0.842000	0.00273727
0.844000	0.00270299
0.846000	0.00267026
0.848000	0.00263899
0.850000	0.00260909
0.852000	0.00258047
0.854000	0.00255306
0.856000	0.00252676
0.858000	0.00250151
0.860000	0.00247723
0.862000	0.00245384
0.864000	0.00243128
0.866000	0.00240948
0.868000	0.00238837
0.870000	0.0023679
0.872000	0.002348
0.874000	0.00232862
0.876000	0.00230971
0.878000	0.00229121
0.880000	0.00227307
0.882000	0.00225525
0.884000	0.00223772
0.886000	0.00222041
0.888000	0.00220331
0.890000	0.00218637
0.892000	0.00216955
0.894000	0.00215284
0.896000	0.0021362
0.898000	0.00211959
0.900000	0.00210301
0.902000	0.00208642
0.904000	0.00206981
0.906000	0.00205316
0.908000	0.00203645
0.910000	0.00201966
0.912000	0.00200279
0.914000	0.00198582
0.916000	0.00196875
0.918000	0.00195156
0.920000	0.00193425
0.922000	0.00191681
0.924000	0.00189925
0.926000	0.00188155
0.928000	0.00186371
0.930000	0.00184574
0.932000	0.00182764
0.934000	0.00180941
0.936000	0.00179105
0.938000	0.00177257
0.940000	0.00175397
0.942000	0.00173525
0.944000	0.00171643
0.946000	0.00169751
0.948000	0.00167849
0.950000	0.00165939
0.952000	0.00164022
0.954000	0.00162097
0.956000	0.00160167
0.958000	0.00158233
0.960000	0.00156294
0.962000	0.00154353
0.964000	0.00152411
0.966000	0.00150468
0.968000	0.00148525
0.970000	0.00146585
0.972000	0.00144647
0.974000	0.00142713
0.976000	0.00140785
0.978000	0.00138863
0.980000	0.00136948
0.982000	0.00135042
0.984000	0.00133145
0.986000	0.00131259
0.988000	0.00129385
0.990000	0.00127524
0.992000	0.00125676
0.994000	0.00123844
0.996000	0.00122027
0.998000	0.00120228
1.000000	0.00118446
1.002000	0.00116682
1.004000	0.00114938
1.006000	0.00113215
1.008000	0.00111512
1.010000	0.00109832
1.012000	0.00108174
1.014000	0.00106539
1.016000	0.00104928
1.018000	0.00103342
1.020000	0.00101781
1.022000	0.00100245
1.024000	0.00098736
1.026000	0.000972531
1.028000	0.00095797
1.030000	0.000943682
1.032000	0.000929671
1.034000	0.000915938
1.036000	0.000902486
1.038000	0.000889317
1.040000	0.000876432
1.042000	0.000863833
1.044000	0.000851521
1.046000	0.000839496
1.048000	0.000827757
1.050000	0.000816305
1.052000	0.000805139
1.054000	0.000794258
1.056000	0.00078366
1.058000	0.000773344
1.060000	0.000763308
1.062000	0.000753549
1.064000	0.000744065
1.066000	0.000734852
1.068000	0.000725908
1.070000	0.000717229
1.072000	0.000708811
1.074000	0.000700651
1.076000	0.000692743
1.078000	0.000685084
1.080000	0.00067767
1.082000	0.000670494
1.084000	0.000663552
1.086000	0.000656839
1.088000	0.00065035
1.090000	0.000644079
1.092000	0.00063802
1.094000	0.000632167
1.096000	0.000626516
1.098000	0.000621059
1.100000	0.000615792
1.102000	0.000610706
1.104000	0.000605798
1.106000	0.000601059
1.108000	0.000596485
1.110000	0.000592068
1.112000	0.000587803
1.114000	0.000583683
1.116000	0.000579702
1.118000	0.000575853
1.120000	0.000572131
1.122000	0.000568528
1.124000	0.000565039
1.126000	0.000561658
1.128000	0.000558379
1.130000	0.000555195
1.132000	0.000552101
1.134000	0.000549091
1.136000	0.000546158
1.138000	0.000543298
1.140000	0.000540505
1.142000	0.000537774
1.144000	0.000535098
1.146000	0.000532473
1.148000	0.000529894
1.150000	0.000527356
1.152000	0.000524854
1.154000	0.000522383
1.156000	0.000519939
1.158000	0.000517517
1.160000	0.000515114
1.162000	0.000512724
1.164000	0.000510345
1.166000	0.000507972
1.168000	0.000505602
1.170000	0.000503232
1.172000	0.000500857
1.174000	0.000498476
1.176000	0.000496084
1.178000	0.00049368
1.180000	0.000491261
1.182000	0.000488823
1.184000	0.000486365
1.186000	0.000483885
1.188000	0.000481381
1.190000	0.000478851
1.192000	0.000476292
1.194000	0.000473705
1.196000	0.000471087
1.198000	0.000468437
1.200000	0.000465755
1.202000	0.000463038
1.204000	0.000460287
1.206000	0.000457501
1.208000	0.00045468
1.210000	0.000451822
1.212000	0.000448929
1.214000	0.000445999
1.216000	0.000443033
1.218000	0.000440031
1.220000	0.000436994
1.222000	0.000433921
1.224000	0.000430814
1.226000	0.000427672
1.228000	0.000424497
1.230000	0.00042129
1.232000	0.000418051
1.234000	0.000414782
1.236000	0.000411483
1.238000	0.000408155
1.240000	0.000404801
1.242000	0.000401421
1.244000	0.000398017
1.246000	0.000394589
1.248000	0.000391141
1.250000	0.000387673
1.252000	0.000384186
1.254000	0.000380683
1.256000	0.000377166
1.258000	0.000373635
1.260000	0.000370093
1.262000	0.000366542
1.264000	0.000362983
1.266000	0.000359418
1.268000	0.00035585
1.270000	0.000352279
1.272000	0.000348708
1.274000	0.00034514
1.276000	0.000341574
1.278000	0.000338015
1.280000	0.000334463
1.282000	0.00033092
1.284000	0.000327389
1.286000	0.00032387
1.288000	0.000320366
1.290000	0.000316879
1.292000	0.000313411
1.294000	0.000309963
1.296000	0.000306536
1.298000	0.000303134
1.300000	0.000299756
1.302000	0.000296406
1.304000	0.000293083
1.306000	0.000289791
1.308000	0.00028653
1.310000	0.000283302
1.312000	0.000280109
1.314000	0.00027695
1.316000	0.000273829
1.318000	0.000270746
1.320000	0.000267702
1.322000	0.000264698
1.324000	0.000261736
1.326000	0.000258816
1.328000	0.000255939
1.330000	0.000253107
1.332000	0.000250319
1.334000	0.000247578
1.336000	0.000244882
1.338000	0.000242234
1.340000	0.000239634
1.342000	0.000237081
1.344000	0.000234578
1.346000	0.000232123
1.348000	0.000229718
1.350000	0.000227362
1.352000	0.000225056
1.354000	0.0002228
1.356000	0.000220594
1.358000	0.000218437
1.360000	0.000216331
1.362000	0.000214275
1.364000	0.000212268
1.366000	0.000210311
1.368000	0.000208404
1.370000	0.000206545
1.372000	0.000204735
1.374000	0.000202973
1.376000	0.000201258
1.378000	0.000199591
1.380000	0.00019797
1.382000	0.000196396
1.384000	0.000194867
1.386000	0.000193383
1.388000	0.000191942
1.390000	0.000190545
1.392000	0.00018919
1.394000	0.000187877
1.396000	0.000186604
1.398000	0.000185372
1.400000	0.000184178
1.402000	0.000183022
1.404000	0.000181903
1.406000	0.00018082
1.408000	0.000179772
1.410000	0.000178758
1.412000	0.000177776
1.414000	0.000176827
1.416000	0.000175908
1.418000	0.000175018
1.420000	0.000174157
1.422000	0.000173323
1.424000	0.000172515
1.426000	0.000171732
1.428000	0.000170973
1.430000	0.000170237
1.432000	0.000169522
1.434000	0.000168828
1.436000	0.000168152
1.438000	0.000167495
1.440000	0.000166855
1.442000	0.000166231
1.444000	0.000165621
1.446000	0.000165025
1.448000	0.000164442
1.450000	0.00016387
1.452000	0.000163308
1.454000	0.000162755
1.456000	0.000162211
1.458000	0.000161674
1.460000	0.000161144
1.462000	0.000160618
1.464000	0.000160097
1.466000	0.00015958
1.468000	0.000159064
1.470000	0.000158551
1.472000	0.000158038
1.474000	0.000157525
1.476000	0.000157011
1.478000	0.000156495
1.480000	0.000155977
1.482000	0.000155456
1.484000	0.000154931
1.486000	0.000154401
1.488000	0.000153866
1.490000	0.000153326
1.492000	0.000152779
1.494000	0.000152225
1.496000	0.000151664
1.498000	0.000151094
1.500000	0.000150517
1.502000	0.000149931
1.504000	0.000149336
1.506000	0.000148731
1.508000	0.000148116
1.510000	0.000147492
1.512000	0.000146857
1.514000	0.000146211
1.516000	0.000145555
1.518000	0.000144887
1.520000	0.000144209
1.522000	0.000143519
1.524000	0.000142818
1.526000	0.000142106
1.528000	0.000141383
1.530000	0.000140648
1.532000	0.000139902
1.534000	0.000139144
1.536000	0.000138376
1.538000	0.000137596
1.540000	0.000136806
1.542000	0.000136005
1.544000	0.000135193
1.546000	0.000134371
1.548000	0.000133538
1.550000	0.000132696
1.552000	0.000131845
1.554000	0.000130984
1.556000	0.000130114
1.558000	0.000129235
1.560000	0.000128348
1.562000	0.000127453
1.564000	0.00012655
1.566000	0.000125641
1.568000	0.000124724
1.570000	0.000123801
1.572000	0.000122872
1.574000	0.000121938
1.576000	0.000120998
1.578000	0.000120054
1.580000	0.000119106
1.582000	0.000118154
1.584000	0.000117199
1.586000	0.000116241
1.588000	0.000115281
1.590000	0.00011432
1.592000	0.000113357
1.594000	0.000112393
1.596000	0.000111429
1.598000	0.000110465
1.600000	0.000109502
1.602000	0.00010854
1.604000	0.000107581
1.606000	0.000106623
1.608000	0.000105668
1.610000	0.000104716
1.612000	0.000103768
1.614000	0.000102824
1.616000	0.000101885
1.618000	0.00010095
1.620000	0.000100022
1.622000	9.90988e-005
1.624000	9.81825e-005
1.626000	9.7273e-005
1.628000	9.63707e-005
1.630000	9.54761e-005
1.632000	9.45895e-005
1.634000	9.37113e-005
1.636000	9.28419e-005
1.638000	9.19817e-005
1.640000	9.11309e-005
1.642000	9.02899e-005
1.644000	8.94591e-005
1.646000	8.86387e-005
1.648000	8.7829e-005
1.650000	8.70303e-005
1.652000	8.62429e-005
1.654000	8.54669e-005
1.656000	8.47026e-005
1.658000	8.39503e-005
1.660000	8.32101e-005
1.662000	8.24822e-005
1.664000	8.17668e-005
1.666000	8.1064e-005
1.668000	8.0374e-005
1.670000	7.96968e-005
1.672000	7.90327e-005
1.674000	7.83816e-005
1.676000	7.77436e-005
1.678000	7.71188e-005
1.680000	7.65073e-005
1.682000	7.5909e-005
1.684000	7.5324e-005
1.686000	7.47522e-005
1.688000	7.41937e-005
1.690000	7.36484e-005
1.692000	7.31163e-005
1.694000	7.25972e-005
1.696000	7.20912e-005
1.698000	7.15981e-005
1.700000	7.11178e-005
1.702000	7.06502e-005
1.704000	7.01952e-005
1.706000	6.97527e-005
1.708000	6.93224e-005
1.710000	6.89042e-005
1.712000	6.8498e-005
1.714000	6.81034e-005
1.716000	6.77205e-005
1.718000	6.73489e-005
1.720000	6.69883e-005
1.722000	6.66387e-005
1.724000	6.62997e-005
1.726000	6.59712e-005
1.728000	6.56527e-005
1.730000	6.53442e-005
1.732000	6.50453e-005
1.734000	6.47557e-005
1.736000	6.44752e-005
1.738000	6.42035e-005
1.740000	6.39403e-005
1.742000	6.36852e-005
1.744000	6.34381e-005
1.746000	6.31985e-005
1.748000	6.29662e-005
1.750000	6.27409e-005
1.752000	6.25223e-005
1.754000	6.23099e-005
1.756000	6.21036e-005
1.758000	6.1903e-005
1.760000	6.17078e-005
1.762000	6.15177e-005
1.764000	6.13323e-005
1.766000	6.11514e-005
1.768000	6.09746e-005
1.770000	6.08016e-005
1.772000	6.06321e-005
1.774000	6.04657e-005
1.776000	6.03023e-005
1.778000	6.01414e-005
1.780000	5.99828e-005
1.782000	5.98262e-005
1.784000	5.96713e-005
1.786000	5.95178e-005
1.788000	5.93654e-005
1.790000	5.92139e-005
1.792000	5.90629e-005
1.794000	5.89123e-005
1.796000	5.87617e-005
1.798000	5.86109e-005
1.800000	5.84596e-005
1.802000	5.83077e-005
1.804000	5.81548e-005
1.806000	5.80008e-005
1.808000	5.78455e-005
1.810000	5.76885e-005
1.812000	5.75299e-005
1.814000	5.73692e-005
1.816000	5.72064e-005
1.818000	5.70413e-005
1.820000	5.68737e-005
1.822000	5.67035e-005
1.824000	5.65304e-005
1.826000	5.63544e-005
1.828000	5.61754e-005
1.830000	5.59931e-005
1.832000	5.58076e-005
1.834000	5.56186e-005
1.836000	5.54261e-005
1.838000	5.523e-005
1.840000	5.50303e-005
1.842000	5.48268e-005
1.844000	5.46195e-005
1.846000	5.44083e-005
1.848000	5.41932e-005
1.850000	5.39742e-005
1.852000	5.37512e-005
1.854000	5.35243e-005
1.856000	5.32934e-005
1.858000	5.30584e-005
1.860000	5.28195e-005
1.862000	5.25767e-005
1.864000	5.23299e-005
1.866000	5.20792e-005
1.868000	5.18246e-005
1.870000	5.15662e-005
1.872000	5.1304e-005
1.874000	5.10381e-005
1.876000	5.07686e-005
1.878000	5.04955e-005
1.880000	5.0219e-005
1.882000	4.9939e-005
1.884000	4.96558e-005
1.886000	4.93693e-005
1.888000	4.90798e-005
1.890000	4.87872e-005
1.892000	4.84918e-005
1.894000	4.81936e-005
1.896000	4.78928e-005
1.898000	4.75895e-005
1.900000	4.72839e-005
1.902000	4.6976e-005
1.904000	4.6666e-005
1.906000	4.63541e-005
1.908000	4.60403e-005
1.910000	4.5725e-005
1.912000	4.54081e-005
1.914000	4.50899e-005
1.916000	4.47704e-005
1.918000	4.445e-005
1.920000	4.41287e-005
1.922000	4.38066e-005
1.924000	4.3484e-005
1.926000	4.31611e-005
1.928000	4.28379e-005
1.930000	4.25146e-005
1.932000	4.21914e-005
1.934000	4.18685e-005
1.936000	4.1546e-005
1.938000	4.12241e-005
1.940000	4.09029e-005
1.942000	4.05826e-005
1.944000	4.02634e-005
1.946000	3.99454e-005
1.948000	3.96288e-005
1.950000	3.93136e-005
1.952000	3.90002e-005
1.954000	3.86885e-005
1.956000	3.83788e-005
1.958000	3.80712e-005
1.960000	3.77658e-005
1.962000	3.74628e-005
1.964000	3.71622e-005
1.966000	3.68643e-005
1.968000	3.65692e-005
1.970000	3.62769e-005
1.972000	3.59876e-005
1.974000	3.57014e-005
1.976000	3.54184e-005
1.978000	3.51387e-005
1.980000	3.48624e-005
1.982000	3.45896e-005
1.984000	3.43204e-005
1.986000	3.40548e-005
1.988000	3.37931e-005
1.990000	3.35351e-005
1.992000	3.3281e-005
1.994000	3.30309e-005
1.996000	3.27849e-005
1.998000	3.25429e-005
2.000000	3.2305e-005
2.002000	3.20713e-005
2.004000	3.18418e-005
2.006000	3.16166e-005
2.008000	3.13957e-005
2.010000	3.1179e-005
2.012000	3.09667e-005
2.014000	3.07588e-005
2.016000	3.05552e-005
2.018000	3.03559e-005
2.020000	3.0161e-005
2.022000	2.99704e-005
2.024000	2.97842e-005
2.026000	2.96024e-005
2.028000	2.94248e-005
2.030000	2.92515e-005
2.032000	2.90825e-005
2.034000	2.89177e-005
2.036000	2.87571e-005
2.038000	2.86006e-005
2.040000	2.84482e-005
2.042000	2.82999e-005
2.044000	2.81556e-005
2.046000	2.80153e-005
2.048000	2.78788e-005
2.050000	2.77461e-005
2.052000	2.76172e-005
2.054000	2.7492e-005
2.056000	2.73704e-005
2.058000	2.72523e-005
2.060000	2.71376e-005
2.062000	2.70264e-005
2.064000	2.69184e-005
2.066000	2.68136e-005
2.068000	2.67119e-005
2.070000	2.66132e-005
2.072000	2.65175e-005
2.074000	2.64245e-005
2.076000	2.63343e-005
2.078000	2.62467e-005
2.080000	2.61617e-005
2.082000	2.6079e-005
2.084000	2.59987e-005
2.086000	2.59206e-005
2.088000	2.58446e-005
2.090000	2.57706e-005
2.092000	2.56985e-005
2.094000	2.56282e-005
2.096000	2.55596e-005
2.098000	2.54926e-005
2.100000	2.5427e-005
2.102000	2.53628e-005
2.104000	2.52998e-005
2.106000	2.5238e-005
2.108000	2.51773e-005
2.110000	2.51175e-005
2.112000	2.50585e-005
2.114000	2.50003e-005
2.116000	2.49427e-005
2.118000	2.48856e-005
2.120000	2.4829e-005
2.122000	2.47727e-005
2.124000	2.47167e-005
2.126000	2.46608e-005
2.128000	2.4605e-005
2.130000	2.45491e-005
2.132000	2.44932e-005
2.134000	2.4437e-005
2.136000	2.43805e-005
2.138000	2.43237e-005
2.140000	2.42664e-005
2.142000	2.42086e-005
2.144000	2.41502e-005
2.146000	2.40911e-005
2.148000	2.40313e-005
2.150000	2.39707e-005
2.152000	2.39092e-005
2.154000	2.38468e-005
2.156000	2.37834e-005
2.158000	2.3719e-005
2.160000	2.36535e-005
2.162000	2.35868e-005
2.164000	2.3519e-005
2.166000	2.34499e-005
2.168000	2.33795e-005
2.170000	2.33079e-005
2.172000	2.32349e-005
2.174000	2.31605e-005
2.176000	2.30848e-005
2.178000	2.30076e-005
2.180000	2.2929e-005
2.182000	2.28489e-005
2.184000	2.27674e-005
2.186000	2.26843e-005
2.188000	2.25998e-005
2.190000	2.25138e-005
2.192000	2.24263e-005
2.194000	2.23372e-005
2.196000	2.22467e-005
2.198000	2.21546e-005
2.200000	2.20611e-005
2.202000	2.19661e-005
2.204000	2.18697e-005
2.206000	2.17718e-005
2.208000	2.16724e-005
2.210000	2.15717e-005
2.212000	2.14695e-005
2.214000	2.1366e-005
2.216000	2.12612e-005
2.218000	2.11551e-005
2.220000	2.10477e-005
2.222000	2.09391e-005
2.224000	2.08293e-005
2.226000	2.07184e-005
2.228000	2.06063e-005
2.230000	2.04932e-005
2.232000	2.0379e-005
2.234000	2.02638e-005
2.236000	2.01478e-005
2.238000	2.00308e-005
2.240000	1.9913e-005
2.242000	1.97944e-005
2.244000	1.96751e-005
2.246000	1.95551e-005
2.248000	1.94345e-005
2.250000	1.93133e-005
2.252000	1.91916e-005
2.254000	1.90694e-005
2.256000	1.89469e-005
2.258000	1.8824e-005
2.260000	1.87008e-005
2.262000	1.85774e-005
2.264000	1.84539e-005
2.266000	1.83302e-005
2.268000	1.82065e-005
2.270000	1.80828e-005
2.272000	1.79592e-005
2.274000	1.78357e-005
2.276000	1.77124e-005
2.278000	1.75893e-005
2.280000	1.74666e-005
2.282000	1.73442e-005
2.284000	1.72223e-005
2.286000	1.71008e-005
2.288000	1.69799e-005
2.290000	1.68595e-005
2.292000	1.67398e-005
2.294000	1.66208e-005
2.296000	1.65025e-005
2.298000	1.63851e-005
2.300000	1.62685e-005
2.302000	1.61527e-005
2.304000	1.6038e-005
2.306000	1.59242e-005
2.308000	1.58114e-005
2.310000	1.56997e-005
2.312000	1.55892e-005
2.314000	1.54798e-005
2.316000	1.53715e-005
2.318000	1.52646e-005
2.320000	1.51589e-005
2.322000	1.50545e-005
2.324000	1.49514e-005
2.326000	1.48497e-005
2.328000	1.47494e-005
2.330000	1.46505e-005
2.332000	1.45531e-005
2.334000	1.44571e-005
2.336000	1.43627e-005
2.338000	1.42697e-005
2.340000	1.41783e-005
2.342000	1.40884e-005
2.344000	1.40001e-005
2.346000	1.39133e-005
2.348000	1.38281e-005
2.350000	1.37446e-005
2.352000	1.36626e-005
2.354000	1.35822e-005
2.356000	1.35034e-005
2.358000	1.34263e-005
2.360000	1.33507e-005
2.362000	1.32768e-005
2.364000	1.32045e-005
2.366000	1.31337e-005
2.368000	1.30646e-005
2.370000	1.2997e-005
2.372000	1.2931e-005
2.374000	1.28665e-005
2.376000	1.28036e-005
2.378000	1.27422e-005
2.380000	1.26824e-005
2.382000	1.2624e-005
2.384000	1.25671e-005
2.386000	1.25117e-005
2.388000	1.24577e-005
2.390000	1.24051e-005
2.392000	1.23538e-005
2.394000	1.2304e-005
2.396000	1.22554e-005
2.398000	1.22082e-005
2.400000	1.21622e-005
2.402000	1.21175e-005
2.404000	1.2074e-005
2.406000	1.20316e-005
2.408000	1.19904e-005
2.410000	1.19503e-005
2.412000	1.19113e-005
2.414000	1.18733e-005
2.416000	1.18363e-005
2.418000	1.18003e-005
2.420000	1.17652e-005
2.422000	1.1731e-005
2.424000	1.16976e-005
2.426000	1.16651e-005
2.428000	1.16333e-005
2.430000	1.16023e-005
2.432000	1.15719e-005
2.434000	1.15422e-005
2.436000	1.15132e-005
2.438000	1.14847e-005
2.440000	1.14567e-005
2.442000	1.14292e-005
2.444000	1.14022e-005
2.446000	1.13756e-005
2.448000	1.13494e-005
2.450000	1.13235e-005
2.452000	1.12979e-005
2.454000	1.12726e-005
2.456000	1.12475e-005
2.458000	1.12226e-005
2.460000	1.11978e-005
2.462000	1.11732e-005
2.464000	1.11486e-005
2.466000	1.11241e-005
2.468000	1.10995e-005
2.470000	1.1075e-005
2.472000	1.10504e-005
2.474000	1.10257e-005
2.476000	1.10008e-005
2.478000	1.09759e-005
2.480000	1.09507e-005
2.482000	1.09253e-005
2.484000	1.08997e-005
2.486000	1.08738e-005
2.488000	1.08477e-005
2.490000	1.08212e-005
2.492000	1.07943e-005
2.494000	1.07671e-005
2.496000	1.07396e-005
2.498000	1.07116e-005
2.500000	1.06831e-005
2.502000	1.06543e-005
2.504000	1.06249e-005
2.506000	1.05951e-005
2.508000	1.05648e-005
2.510000	1.0534e-005
2.512000	1.05027e-005
2.514000	1.04708e-005
2.516000	1.04384e-005
2.518000	1.04054e-005
2.520000	1.03719e-005
2.522000	1.03378e-005
2.524000	1.03031e-005
2.526000	1.02678e-005
2.528000	1.0232e-005
2.530000	1.01956e-005
2.532000	1.01586e-005
2.534000	1.0121e-005
2.536000	1.00828e-005
2.538000	1.0044e-005
2.540000	1.00046e-005
2.542000	9.96468e-006
2.544000	9.92417e-006
2.546000	9.88308e-006
2.548000	9.84144e-006
2.550000	9.79924e-006
2.552000	9.75649e-006
2.554000	9.71321e-006
2.556000	9.6694e-006
2.558000	9.62508e-006
2.560000	9.58026e-006
2.562000	9.53495e-006
2.564000	9.48916e-006
2.566000	9.44292e-006
2.568000	9.39623e-006
2.570000	9.34911e-006
2.572000	9.30158e-006
2.574000	9.25366e-006
2.576000	9.20536e-006
2.578000	9.1567e-006
2.580000	9.10771e-006
2.582000	9.05839e-006
2.584000	9.00878e-006
2.586000	8.95888e-006
2.588000	8.90873e-006
2.590000	8.85834e-006
2.592000	8.80774e-006
2.594000	8.75694e-006
2.596000	8.70597e-006
2.598000	8.65485e-006
2.600000	8.60361e-006
2.602000	8.55226e-006
2.604000	8.50083e-006
2.606000	8.44935e-006
2.608000	8.39782e-006
2.610000	8.34629e-006
2.612000	8.29477e-006
2.614000	8.24328e-006
2.616000	8.19185e-006
2.618000	8.1405e-006
2.620000	8.08925e-006
2.622000	8.03813e-006
2.624000	7.98715e-006
2.626000	7.93634e-006
2.628000	7.88572e-006
2.630000	7.83532e-006
2.632000	7.78515e-006
2.634000	7.73524e-006
2.636000	7.6856e-006
2.638000	7.63625e-006
2.640000	7.58723e-006
2.642000	7.53853e-006
2.644000	7.49019e-006
2.646000	7.44223e-006
2.648000	7.39465e-006
2.650000	7.34748e-006
2.652000	7.30073e-006
2.654000	7.25442e-006
2.656000	7.20857e-006
2.658000	7.1632e-006
2.660000	7.1183e-006
2.662000	7.07391e-006
2.664000	7.03003e-006
2.666000	6.98668e-006
2.668000	6.94386e-006
2.670000	6.90159e-006
2.672000	6.85988e-006
2.674000	6.81874e-006
2.676000	6.77818e-006
2.678000	6.73821e-006
2.680000	6.69883e-006
2.682000	6.66005e-006
2.684000	6.62189e-006
2.686000	6.58433e-006
2.688000	6.5474e-006
2.690000	6.51109e-006
2.692000	6.47541e-006
2.694000	6.44036e-006
2.696000	6.40594e-006
2.698000	6.37215e-006
2.700000	6.339e-006
2.702000	6.30648e-006
2.704000	6.2746e-006
2.706000	6.24335e-006
2.708000	6.21273e-006
2.710000	6.18274e-006
2.712000	6.15337e-006
2.714000	6.12463e-006
2.716000	6.0965e-006
2.718000	6.06899e-006
2.720000	6.04208e-006
2.722000	6.01576e-006
2.724000	5.99004e-006
2.726000	5.96491e-006
2.728000	5.94035e-006
2.730000	5.91636e-006
2.732000	5.89293e-006
2.734000	5.87005e-006
2.736000	5.84771e-006
2.738000	5.8259e-006
2.740000	5.8046e-006
2.742000	5.78382e-006
2.744000	5.76352e-006
2.746000	5.74371e-006
2.748000	5.72437e-006
2.750000	5.70549e-006
2.752000	5.68705e-006
2.754000	5.66904e-006
2.756000	5.65145e-006
2.758000	5.63425e-006
2.760000	5.61745e-006
2.762000	5.60102e-006
2.764000	5.58495e-006
2.766000	5.56922e-006
2.768000	5.55382e-006
2.770000	5.53874e-006
2.772000	5.52395e-006
2.774000	5.50945e-006
2.776000	5.49521e-006
2.778000	5.48122e-006
2.780000	5.46747e-006
2.782000	5.45394e-006
2.784000	5.44061e-006
2.786000	5.42747e-006
2.788000	5.41451e-006
2.790000	5.40171e-006
2.792000	5.38904e-006
2.794000	5.37651e-006
2.796000	5.36408e-006
2.798000	5.35176e-006
2.800000	5.33951e-006
2.802000	5.32734e-006
2.804000	5.31522e-006
2.806000	5.30314e-006
2.808000	5.29108e-006
2.810000	5.27903e-006
2.812000	5.26698e-006
2.814000	5.25492e-006
2.816000	5.24283e-006
2.818000	5.2307e-006
2.820000	5.21852e-006
2.822000	5.20627e-006
2.824000	5.19394e-006
2.826000	5.18153e-006
2.828000	5.16902e-006
2.830000	5.1564e-006
2.832000	5.14366e-006
2.834000	5.13079e-006
2.836000	5.11778e-006
2.838000	5.10463e-006
2.840000	5.09132e-006
2.842000	5.07784e-006
2.844000	5.0642e-006
2.846000	5.05038e-006
2.848000	5.03637e-006
2.850000	5.02217e-006
2.852000	5.00777e-006
2.854000	4.99317e-006
2.856000	4.97837e-006
2.858000	4.96335e-006
2.860000	4.94811e-006
2.862000	4.93265e-006
2.864000	4.91697e-006
2.866000	4.90107e-006
2.868000	4.88494e-006
2.870000	4.86857e-006
2.872000	4.85198e-006
2.874000	4.83515e-006
2.876000	4.81809e-006
2.878000	4.8008e-006
2.880000	4.78328e-006
2.882000	4.76552e-006
2.884000	4.74754e-006
2.886000	4.72932e-006
2.888000	4.71088e-006
2.890000	4.69221e-006
2.892000	4.67333e-006
2.894000	4.65422e-006
2.896000	4.6349e-006
2.898000	4.61537e-006
2.900000	4.59563e-006
2.902000	4.5757e-006
2.904000	4.55556e-006
2.906000	4.53523e-006
2.908000	4.51472e-006
2.910000	4.49403e-006
2.912000	4.47316e-006
2.914000	4.45212e-006
2.916000	4.43093e-006
2.918000	4.40958e-006
2.920000	4.38808e-006
2.922000	4.36645e-006
2.924000	4.34468e-006
2.926000	4.32279e-006
2.928000	4.30078e-006
2.930000	4.27867e-006
2.932000	4.25645e-006
2.934000	4.23415e-006
2.936000	4.21176e-006
2.938000	4.1893e-006
2.940000	4.16678e-006
2.942000	4.1442e-006
2.944000	4.12157e-006
2.946000	4.0989e-006
2.948000	4.07621e-006
2.950000	4.0535e-006
2.952000	4.03077e-006
2.954000	4.00805e-006
2.956000	3.98534e-006
2.958000	3.96264e-006
2.960000	3.93997e-006
2.962000	3.91733e-006
2.964000	3.89474e-006
2.966000	3.8722e-006
2.968000	3.84973e-006
2.970000	3.82733e-006
2.972000	3.80501e-006
2.974000	3.78277e-006
2.976000	3.76064e-006
2.978000	3.73861e-006
2.980000	3.7167e-006
2.982000	3.6949e-006
2.984000	3.67324e-006
2.986000	3.65172e-006
2.988000	3.63034e-006
2.990000	3.60911e-006
2.992000	3.58805e-006
2.994000	3.56715e-006
2.996000	3.54643e-006
2.998000	3.52589e-006
3.000000	3.50553e-006
3.002000	3.48537e-006
3.004000	3.4654e-006
3.006000	3.44564e-006
3.008000	3.42609e-006
3.010000	3.40676e-006
3.012000	3.38765e-006
3.014000	3.36876e-006
3.016000	3.35009e-006
3.018000	3.33167e-006
3.020000	3.31347e-006
3.022000	3.29552e-006
3.024000	3.27782e-006
3.026000	3.26035e-006
3.028000	3.24314e-006
3.030000	3.22618e-006
3.032000	3.20947e-006
3.034000	3.19302e-006
3.036000	3.17682e-006
3.038000	3.16088e-006
3.040000	3.14521e-006
3.042000	3.12979e-006
3.044000	3.11463e-006
3.046000	3.09973e-006
3.048000	3.08509e-006
3.050000	3.07071e-006
3.052000	3.05659e-006
3.054000	3.04272e-006
3.056000	3.02912e-006
3.058000	3.01577e-006
3.060000	3.00267e-006
3.062000	2.98982e-006
3.064000	2.97722e-006
3.066000	2.96487e-006
3.068000	2.95277e-006
3.070000	2.9409e-006
3.072000	2.92927e-006
3.074000	2.91788e-006
3.076000	2.90672e-006
3.078000	2.89578e-006
3.080000	2.88507e-006
3.082000	2.87458e-006
3.084000	2.8643e-006
3.086000	2.85423e-006
3.088000	2.84437e-006
3.090000	2.83471e-006
3.092000	2.82525e-006
3.094000	2.81597e-006
3.096000	2.80688e-006
3.098000	2.79797e-006
3.100000	2.78923e-006
3.102000	2.78067e-006
3.104000	2.77226e-006
3.106000	2.76401e-006
3.108000	2.75592e-006
3.110000	2.74797e-006
3.112000	2.74016e-006
3.114000	2.73248e-006
3.116000	2.72493e-006
3.118000	2.71749e-006
3.120000	2.71018e-006
3.122000	2.70297e-006
3.124000	2.69586e-006
3.126000	2.68885e-006
3.128000	2.68193e-006
3.130000	2.67509e-006
3.132000	2.66833e-006
3.134000	2.66164e-006
3.136000	2.65501e-006
3.138000	2.64844e-006
3.140000	2.64193e-006
3.142000	2.63546e-006
3.144000	2.62903e-006
3.146000	2.62263e-006
3.148000	2.61626e-006
3.150000	2.60992e-006
3.152000	2.60359e-006
3.154000	2.59727e-006
3.156000	2.59096e-006
3.158000	2.58464e-006
3.160000	2.57833e-006
3.162000	2.572e-006
3.164000	2.56565e-006
3.166000	2.55929e-006
3.168000	2.5529e-006
3.170000	2.54649e-006
3.172000	2.54004e-006
3.174000	2.53355e-006
3.176000	2.52701e-006
3.178000	2.52043e-006
3.180000	2.51381e-006
3.182000	2.50712e-006
3.184000	2.50038e-006
3.186000	2.49358e-006
3.188000	2.48671e-006
3.190000	2.47978e-006
3.192000	2.47278e-006
3.194000	2.4657e-006
3.196000	2.45855e-006
3.198000	2.45132e-006
3.200000	2.44401e-006
3.202000	2.43662e-006
3.204000	2.42915e-006
3.206000	2.42159e-006
3.208000	2.41395e-006
3.210000	2.40622e-006
3.212000	2.3984e-006
3.214000	2.39049e-006
3.216000	2.38249e-006
3.218000	2.3744e-006
3.220000	2.36622e-006
3.222000	2.35794e-006
3.224000	2.34958e-006
3.226000	2.34113e-006
3.228000	2.33258e-006
3.230000	2.32395e-006
3.232000	2.31522e-006
3.234000	2.30641e-006
3.236000	2.29751e-006
3.238000	2.28853e-006
3.240000	2.27946e-006
3.242000	2.2703e-006
3.244000	2.26107e-006
3.246000	2.25175e-006
3.248000	2.24236e-006
3.250000	2.23289e-006
3.252000	2.22334e-006
3.254000	2.21373e-006
3.256000	2.20404e-006
3.258000	2.19429e-006
3.260000	2.18448e-006
3.262000	2.1746e-006
3.264000	2.16467e-006
3.266000	2.15468e-006
3.268000	2.14463e-006
3.270000	2.13454e-006
3.272000	2.1244e-006
3.274000	2.11422e-006
3.276000	2.104e-006
3.278000	2.09374e-006
3.280000	2.08345e-006
3.282000	2.07313e-006
3.284000	2.06278e-006
3.286000	2.05241e-006
3.288000	2.04203e-006
3.290000	2.03162e-006
3.292000	2.02121e-006
3.294000	2.01079e-006
3.296000	2.00036e-006
3.298000	1.98994e-006
3.300000	1.97951e-006
3.302000	1.9691e-006
3.304000	1.9587e-006
3.306000	1.94831e-006
3.308000	1.93793e-006
3.310000	1.92759e-006
3.312000	1.91726e-006
3.314000	1.90697e-006
3.316000	1.89671e-006
3.318000	1.88648e-006
3.320000	1.87629e-006
3.322000	1.86615e-006
3.324000	1.85606e-006
3.326000	1.84601e-006
3.328000	1.83602e-006
3.330000	1.82608e-006
3.332000	1.81621e-006
3.334000	1.80639e-006
3.336000	1.79665e-006
3.338000	1.78697e-006
3.340000	1.77736e-006
3.342000	1.76782e-006
3.344000	1.75837e-006
3.346000	1.74899e-006
3.348000	1.73969e-006
3.350000	1.73048e-006
3.352000	1.72136e-006
3.354000	1.71232e-006
3.356000	1.70337e-006
3.358000	1.69452e-006
3.360000	1.68576e-006
3.362000	1.6771e-006
3.364000	1.66853e-006
3.366000	1.66007e-006
3.368000	1.6517e-006
3.370000	1.64344e-006
3.372000	1.63528e-006
3.374000	1.62722e-006
3.376000	1.61927e-006
3.378000	1.61143e-006
3.380000	1.60369e-006
3.382000	1.59606e-006
3.384000	1.58854e-006
3.386000	1.58113e-006
3.388000	1.57382e-006
3.390000	1.56663e-006
3.392000	1.55954e-006
3.394000	1.55256e-006
3.396000	1.54569e-006
3.398000	1.53893e-006
3.400000	1.53228e-006
3.402000	1.52573e-006
3.404000	1.51929e-006
3.406000	1.51296e-006
3.408000	1.50673e-006
3.410000	1.50061e-006
3.412000	1.49459e-006
3.414000	1.48867e-006
3.416000	1.48286e-006
3.418000	1.47714e-006
3.420000	1.47152e-006
3.422000	1.466e-006
3.424000	1.46058e-006
3.426000	1.45524e-006
3.428000	1.45001e-006
3.430000	1.44486e-006
3.432000	1.4398e-006
3.434000	1.43482e-006
3.436000	1.42993e-006
3.438000	1.42513e-006
3.440000	1.4204e-006
3.442000	1.41576e-006
3.444000	1.41119e-006
3.446000	1.40669e-006
3.448000	1.40226e-006
3.450000	1.39791e-006
3.452000	1.39362e-006
3.454000	1.3894e-006
3.456000	1.38524e-006
3.458000	1.38114e-006
3.460000	1.37709e-006
3.462000	1.3731e-006
3.464000	1.36917e-006
3.466000	1.36528e-006
3.468000	1.36144e-006
3.470000	1.35765e-006
3.472000	1.35389e-006
3.474000	1.35018e-006
3.476000	1.3465e-006
3.478000	1.34286e-006
3.480000	1.33925e-006
3.482000	1.33567e-006
3.484000	1.33212e-006
3.486000	1.32859e-006
3.488000	1.32509e-006
3.490000	1.3216e-006
3.492000	1.31813e-006
3.494000	1.31467e-006
3.496000	1.31123e-006
3.498000	1.3078e-006
3.500000	1.30437e-006
3.502000	1.30095e-006
3.504000	1.29754e-006
3.506000	1.29412e-006
3.508000	1.29071e-006
3.510000	1.28729e-006
3.512000	1.28387e-006
3.514000	1.28043e-006
3.516000	1.27699e-006
3.518000	1.27354e-006
3.520000	1.27008e-006
3.522000	1.26661e-006
3.524000	1.26311e-006
3.526000	1.2596e-006
3.528000	1.25607e-006
3.530000	1.25252e-006
3.532000	1.24895e-006
3.534000	1.24536e-006
3.536000	1.24174e-006
3.538000	1.2381e-006
3.540000	1.23442e-006
3.542000	1.23073e-006
3.544000	1.227e-006
3.546000	1.22324e-006
3.548000	1.21946e-006
3.550000	1.21564e-006
3.552000	1.21179e-006
3.554000	1.20791e-006
3.556000	1.20399e-006
3.558000	1.20004e-006
3.560000	1.19606e-006
3.562000	1.19204e-006
3.564000	1.18799e-006
3.566000	1.18391e-006
3.568000	1.17979e-006
3.570000	1.17563e-006
3.572000	1.17145e-006
3.574000	1.16722e-006
3.576000	1.16297e-006
3.578000	1.15868e-006
3.580000	1.15435e-006
3.582000	1.14999e-006
3.584000	1.1456e-006
3.586000	1.14118e-006
3.588000	1.13673e-006
3.590000	1.13224e-006
3.592000	1.12773e-006
3.594000	1.12318e-006
3.596000	1.11861e-006
3.598000	1.114e-006
3.600000	1.10937e-006
3.602000	1.10472e-006
3.604000	1.10004e-006
3.606000	1.09533e-006
3.608000	1.09061e-006
3.610000	1.08586e-006
3.612000	1.08109e-006
3.614000	1.0763e-006
3.616000	1.07149e-006
3.618000	1.06666e-006
3.620000	1.06182e-006
3.622000	1.05697e-006
3.624000	1.0521e-006
3.626000	1.04722e-006
3.628000	1.04233e-006
3.630000	1.03743e-006
3.632000	1.03252e-006
3.634000	1.02761e-006
3.636000	1.02269e-006
3.638000	1.01777e-006
3.640000	1.01285e-006
3.642000	1.00792e-006
3.644000	1.003e-006
3.646000	9.98084e-007
3.648000	9.93171e-007
3.650000	9.88263e-007
3.652000	9.83362e-007
3.654000	9.78471e-007
3.656000	9.7359e-007
3.658000	9.6872e-007
3.660000	9.63864e-007
3.662000	9.59023e-007
3.664000	9.54198e-007
3.666000	9.4939e-007
3.668000	9.44602e-007
3.670000	9.39834e-007
3.672000	9.35087e-007
3.674000	9.30364e-007
3.676000	9.25665e-007
3.678000	9.20991e-007
3.680000	9.16344e-007
3.682000	9.11726e-007
3.684000	9.07137e-007
3.686000	9.02578e-007
3.688000	8.9805e-007
3.690000	8.93556e-007
3.692000	8.89095e-007
3.694000	8.84668e-007
3.696000	8.80278e-007
3.698000	8.75923e-007
3.700000	8.71607e-007
3.702000	8.67329e-007
3.704000	8.63089e-007
3.706000	8.5889e-007
3.708000	8.54732e-007
3.710000	8.50614e-007
3.712000	8.46539e-007
3.714000	8.42506e-007
3.716000	8.38516e-007
3.718000	8.3457e-007
3.720000	8.30668e-007
3.722000	8.2681e-007
3.724000	8.22997e-007
3.726000	8.19229e-007
3.728000	8.15507e-007
3.730000	8.1183e-007
3.732000	8.08199e-007
3.734000	8.04614e-007
3.736000	8.01075e-007
3.738000	7.97582e-007
3.740000	7.94135e-007
3.742000	7.90734e-007
3.744000	7.87379e-007
3.746000	7.84069e-007
3.748000	7.80805e-007
3.750000	7.77587e-007
3.752000	7.74413e-007
3.754000	7.71285e-007
3.756000	7.682e-007
3.758000	7.6516e-007
3.760000	7.62164e-007
3.762000	7.5921e-007
3.764000	7.563e-007
3.766000	7.53431e-007
3.768000	7.50604e-007
3.770000	7.47818e-007
3.772000	7.45072e-007
3.774000	7.42366e-007
3.776000	7.39699e-007
3.778000	7.37071e-007
3.780000	7.34479e-007
3.782000	7.31925e-007
3.784000	7.29406e-007
3.786000	7.26922e-007
3.788000	7.24473e-007
3.790000	7.22057e-007
3.792000	7.19673e-007
3.794000	7.17321e-007
3.796000	7.14999e-007
3.798000	7.12707e-007
3.800000	7.10444e-007
3.802000	7.08209e-007
3.804000	7.06e-007
3.806000	7.03817e-007
3.808000	7.01659e-007
3.810000	6.99524e-007
3.812000	6.97412e-007
3.814000	6.95322e-007
3.816000	6.93253e-007
3.818000	6.91203e-007
3.820000	6.89171e-007
3.822000	6.87158e-007
3.824000	6.8516e-007
3.826000	6.83178e-007
3.828000	6.81211e-007
3.830000	6.79257e-007
3.832000	6.77315e-007
3.834000	6.75385e-007
3.836000	6.73465e-007
3.838000	6.71555e-007
3.840000	6.69653e-007
3.842000	6.67758e-007
3.844000	6.6587e-007
3.846000	6.63988e-007
3.848000	6.6211e-007
3.850000	6.60236e-007
3.852000	6.58365e-007
3.854000	6.56496e-007
3.856000	6.54628e-007
3.858000	6.5276e-007
3.860000	6.50892e-007
3.862000	6.49023e-007
3.864000	6.47152e-007
3.866000	6.45278e-007
3.868000	6.434e-007
3.870000	6.41518e-007
3.872000	6.39632e-007
3.874000	6.3774e-007
3.876000	6.35842e-007
3.878000	6.33937e-007
3.880000	6.32025e-007
3.882000	6.30105e-007
3.884000	6.28177e-007
3.886000	6.2624e-007
3.888000	6.24295e-007
3.890000	6.22339e-007
3.892000	6.20374e-007
3.894000	6.18398e-007
3.896000	6.16412e-007
3.898000	6.14414e-007
3.900000	6.12406e-007
3.902000	6.10385e-007
3.904000	6.08354e-007
3.906000	6.0631e-007
3.908000	6.04255e-007
3.910000	6.02187e-007
3.912000	6.00107e-007
3.914000	5.98015e-007
3.916000	5.9591e-007
3.918000	5.93793e-007
3.920000	5.91664e-007
3.922000	5.89522e-007
3.924000	5.87369e-007
3.926000	5.85203e-007
3.928000	5.83025e-007
3.930000	5.80836e-007
3.932000	5.78634e-007
3.934000	5.76422e-007
3.936000	5.74198e-007
3.938000	5.71963e-007
3.940000	5.69718e-007
3.942000	5.67462e-007
3.944000	5.65196e-007
3.946000	5.6292e-007
3.948000	5.60635e-007
3.950000	5.58341e-007
3.952000	5.56039e-007
3.954000	5.53728e-007
3.956000	5.51409e-007
3.958000	5.49083e-007
3.960000	5.46751e-007
3.962000	5.44412e-007
3.964000	5.42067e-007
3.966000	5.39716e-007
3.968000	5.37361e-007
3.970000	5.35002e-007
3.972000	5.32638e-007
3.974000	5.30272e-007
3.976000	5.27902e-007
3.978000	5.25531e-007
3.980000	5.23158e-007
3.982000	5.20784e-007
3.984000	5.1841e-007
3.986000	5.16035e-007
3.988000	5.13662e-007
3.990000	5.1129e-007
3.992000	5.0892e-007
3.994000	5.06552e-007
3.996000	5.04188e-007
3.998000	5.01827e-007
4.000000	4.99471e-007
4.002000	4.9712e-007
4.004000	4.94774e-007
4.006000	4.92434e-007
4.008000	4.90101e-007
4.010000	4.87776e-007
4.012000	4.85458e-007
4.014000	4.83148e-007
4.016000	4.80848e-007
4.018000	4.78557e-007
4.020000	4.76276e-007
4.022000	4.74005e-007
4.024000	4.71746e-007
4.026000	4.69498e-007
4.028000	4.67262e-007
4.030000	4.65039e-007
4.032000	4.62828e-007
4.034000	4.60632e-007
4.036000	4.58449e-007
4.038000	4.5628e-007
4.040000	4.54127e-007
4.042000	4.51988e-007
4.044000	4.49865e-007
4.046000	4.47758e-007
4.048000	4.45667e-007
4.050000	4.43593e-007
4.052000	4.41535e-007
4.054000	4.39495e-007
4.056000	4.37473e-007
4.058000	4.35468e-007
4.060000	4.33481e-007
4.062000	4.31512e-007
4.064000	4.29562e-007
4.066000	4.27631e-007
4.068000	4.25718e-007
4.070000	4.23824e-007
4.072000	4.2195e-007
4.074000	4.20094e-007
4.076000	4.18258e-007
4.078000	4.16442e-007
4.080000	4.14645e-007
4.082000	4.12868e-007
4.084000	4.1111e-007
4.086000	4.09371e-007
4.088000	4.07653e-007
4.090000	4.05954e-007
4.092000	4.04274e-007
4.094000	4.02614e-007
4.096000	4.00973e-007
4.098000	3.99352e-007
4.100000	3.9775e-007
4.102000	3.96167e-007
4.104000	3.94603e-007
4.106000	3.93057e-007
4.108000	3.9153e-007
4.110000	3.90022e-007
4.112000	3.88532e-007
4.114000	3.8706e-007
4.116000	3.85605e-007
4.118000	3.84168e-007
4.120000	3.82749e-007
4.122000	3.81346e-007
4.124000	3.7996e-007
4.126000	3.78591e-007
4.128000	3.77237e-007
4.130000	3.759e-007
4.132000	3.74578e-007
4.134000	3.73271e-007
4.136000	3.71979e-007
4.138000	3.70701e-007
4.140000	3.69438e-007
4.142000	3.68188e-007
4.144000	3.66951e-007
4.146000	3.65728e-007
4.148000	3.64517e-007
4.150000	3.63318e-007
4.152000	3.62131e-007
4.154000	3.60956e-007
4.156000	3.59792e-007
4.158000	3.58638e-007
4.160000	3.57494e-007
4.162000	3.5636e-007
4.164000	3.55236e-007
4.166000	3.5412e-007
4.168000	3.53013e-007
4.170000	3.51914e-007
4.172000	3.50823e-007
4.174000	3.49739e-007
4.176000	3.48662e-007
4.178000	3.47592e-007
4.180000	3.46527e-007
4.182000	3.45468e-007
4.184000	3.44415e-007
4.186000	3.43366e-007
4.188000	3.42322e-007
4.190000	3.41282e-007
4.192000	3.40246e-007
4.194000	3.39212e-007
4.196000	3.38182e-007
4.198000	3.37155e-007
4.200000	3.3613e-007
4.202000	3.35106e-007
4.204000	3.34084e-007
4.206000	3.33064e-007
4.208000	3.32044e-007
4.210000	3.31025e-007
4.212000	3.30006e-007
4.214000	3.28987e-007
4.216000	3.27968e-007
4.218000	3.26948e-007
4.220000	3.25928e-007
4.222000	3.24906e-007
4.224000	3.23883e-007
4.226000	3.22858e-007
4.228000	3.21832e-007
4.230000	3.20803e-007
4.232000	3.19773e-007
4.234000	3.18739e-007
4.236000	3.17704e-007
4.238000	3.16665e-007
4.240000	3.15623e-007
4.242000	3.14579e-007
4.244000	3.13531e-007
4.246000	3.1248e-007
4.248000	3.11425e-007
4.250000	3.10367e-007
4.252000	3.09305e-007
4.254000	3.08239e-007
4.256000	3.0717e-007
4.258000	3.06096e-007
4.260000	3.05019e-007
4.262000	3.03938e-007
4.264000	3.02853e-007
4.266000	3.01764e-007
4.268000	3.00671e-007
4.270000	2.99574e-007
4.272000	2.98473e-007
4.274000	2.97369e-007
4.276000	2.9626e-007
4.278000	2.95148e-007
4.280000	2.94032e-007
4.282000	2.92912e-007
4.284000	2.91789e-007
4.286000	2.90662e-007
4.288000	2.89532e-007
4.290000	2.88399e-007
4.292000	2.87263e-007
4.294000	2.86123e-007
4.296000	2.84981e-007
4.298000	2.83836e-007
4.300000	2.82689e-007
4.302000	2.81539e-007
4.304000	2.80386e-007
4.306000	2.79232e-007
4.308000	2.78076e-007
4.310000	2.76918e-007
4.312000	2.75759e-007
4.314000	2.74598e-007
4.316000	2.73436e-007
4.318000	2.72274e-007
4.320000	2.7111e-007
4.322000	2.69946e-007
4.324000	2.68782e-007
4.326000	2.67618e-007
4.328000	2.66453e-007
4.330000	2.6529e-007
4.332000	2.64126e-007
4.334000	2.62964e-007
4.336000	2.61803e-007
4.338000	2.60643e-007
4.340000	2.59484e-007
4.342000	2.58327e-007
4.344000	2.57172e-007
4.346000	2.5602e-007
4.348000	2.5487e-007
4.350000	2.53722e-007
4.352000	2.52578e-007
4.354000	2.51436e-007
4.356000	2.50298e-007
4.358000	2.49164e-007
4.360000	2.48033e-007
4.362000	2.46906e-007
4.364000	2.45784e-007
4.366000	2.44666e-007
4.368000	2.43552e-007
4.370000	2.42444e-007
4.372000	2.4134e-007
4.374000	2.40242e-007
4.376000	2.39149e-007
4.378000	2.38062e-007
4.380000	2.36981e-007
4.382000	2.35905e-007
4.384000	2.34836e-007
4.386000	2.33773e-007
4.388000	2.32717e-007
4.390000	2.31667e-007
4.392000	2.30625e-007
4.394000	2.29589e-007
4.396000	2.2856e-007
4.398000	2.27538e-007
4.400000	2.26524e-007
4.402000	2.25517e-007
4.404000	2.24518e-007
4.406000	2.23526e-007
4.408000	2.22542e-007
4.410000	2.21567e-007
4.412000	2.20598e-007
4.414000	2.19639e-007
4.416000	2.18687e-007
4.418000	2.17743e-007
4.420000	2.16807e-007
4.422000	2.1588e-007
4.424000	2.14961e-007
4.426000	2.1405e-007
4.428000	2.13148e-007
4.430000	2.12254e-007
4.432000	2.11368e-007
4.434000	2.10491e-007
4.436000	2.09622e-007
4.438000	2.08762e-007
4.440000	2.0791e-007
4.442000	2.07066e-007
4.444000	2.06231e-007
4.446000	2.05404e-007
4.448000	2.04585e-007
4.450000	2.03774e-007
4.452000	2.02971e-007
4.454000	2.02177e-007
4.456000	2.0139e-007
4.458000	2.00612e-007
4.460000	1.99841e-007
4.462000	1.99078e-007
4.464000	1.98322e-007
4.466000	1.97575e-007
4.468000	1.96834e-007
4.470000	1.96101e-007
4.472000	1.95376e-007
4.474000	1.94657e-007
4.476000	1.93945e-007
4.478000	1.93241e-007
4.480000	1.92543e-007
4.482000	1.91852e-007
4.484000	1.91167e-007
4.486000	1.90489e-007
4.488000	1.89816e-007
4.490000	1.8915e-007
4.492000	1.8849e-007
4.494000	1.87836e-007
4.496000	1.87187e-007
4.498000	1.86544e-007
4.500000	1.85906e-007
4.502000	1.85274e-007
4.504000	1.84646e-007
4.506000	1.84023e-007
4.508000	1.83405e-007
4.510000	1.82791e-007
4.512000	1.82182e-007
4.514000	1.81577e-007
4.516000	1.80976e-007
4.518000	1.80379e-007
4.520000	1.79785e-007
4.522000	1.79195e-007
4.524000	1.78609e-007
4.526000	1.78026e-007
4.528000	1.77445e-007
4.530000	1.76868e-007
4.532000	1.76293e-007
4.534000	1.75721e-007
4.536000	1.75152e-007
4.538000	1.74585e-007
4.540000	1.74019e-007
4.542000	1.73456e-007
4.544000	1.72895e-007
4.546000	1.72335e-007
4.548000	1.71777e-007
4.550000	1.7122e-007
4.552000	1.70665e-007
4.554000	1.70111e-007
4.556000	1.69557e-007
4.558000	1.69005e-007
4.560000	1.68453e-007
4.562000	1.67902e-007
4.564000	1.67352e-007
4.566000	1.66802e-007
4.568000	1.66252e-007
4.570000	1.65702e-007
4.572000	1.65153e-007
4.574000	1.64603e-007
4.576000	1.64054e-007
4.578000	1.63504e-007
4.580000	1.62954e-007
4.582000	1.62404e-007
4.584000	1.61853e-007
4.586000	1.61302e-007
4.588000	1.6075e-007
4.590000	1.60198e-007
4.592000	1.59645e-007
4.594000	1.59091e-007
4.596000	1.58537e-007
4.598000	1.57981e-007
4.600000	1.57425e-007
4.602000	1.56868e-007
4.604000	1.5631e-007
4.606000	1.55751e-007
4.608000	1.55192e-007
4.610000	1.54631e-007
4.612000	1.54069e-007
4.614000	1.53506e-007
4.616000	1.52943e-007
4.618000	1.52378e-007
4.620000	1.51812e-007
4.622000	1.51245e-007
4.624000	1.50678e-007
4.626000	1.50109e-007
4.628000	1.4954e-007
4.630000	1.48969e-007
4.632000	1.48398e-007
4.634000	1.47826e-007
4.636000	1.47253e-007
4.638000	1.46679e-007
4.640000	1.46105e-007
4.642000	1.4553e-007
4.644000	1.44954e-007
4.646000	1.44378e-007
4.648000	1.43801e-007
4.650000	1.43224e-007
4.652000	1.42646e-007
4.654000	1.42068e-007
4.656000	1.4149e-007
4.658000	1.40911e-007
4.660000	1.40333e-007
4.662000	1.39754e-007
4.664000	1.39175e-007
4.666000	1.38597e-007
4.668000	1.38018e-007
4.670000	1.3744e-007
4.672000	1.36862e-007
4.674000	1.36285e-007
4.676000	1.35708e-007
4.678000	1.35132e-007
4.680000	1.34556e-007
4.682000	1.33981e-007
4.684000	1.33407e-007
4.686000	1.32834e-007
4.688000	1.32261e-007
4.690000	1.3169e-007
4.692000	1.3112e-007
4.694000	1.30552e-007
4.696000	1.29984e-007
4.698000	1.29418e-007
4.700000	1.28854e-007
4.702000	1.28291e-007
4.704000	1.2773e-007
4.706000	1.27171e-007
4.708000	1.26614e-007
4.710000	1.26058e-007
4.712000	1.25505e-007
4.714000	1.24953e-007
4.716000	1.24404e-007
4.718000	1.23857e-007
4.720000	1.23313e-007
4.722000	1.22771e-007
4.724000	1.22231e-007
4.726000	1.21694e-007
4.728000	1.2116e-007
4.730000	1.20628e-007
4.732000	1.20099e-007
4.734000	1.19573e-007
4.736000	1.1905e-007
4.738000	1.18529e-007
4.740000	1.18012e-007
4.742000	1.17498e-007
4.744000	1.16987e-007
4.746000	1.16479e-007
4.748000	1.15974e-007
4.750000	1.15473e-007
4.752000	1.14974e-007
4.754000	1.1448e-007
4.756000	1.13988e-007
4.758000	1.135e-007
4.760000	1.13016e-007
4.762000	1.12534e-007
4.764000	1.12057e-007
4.766000	1.11583e-007
4.768000	1.11112e-007
4.770000	1.10645e-007
4.772000	1.10182e-007
4.774000	1.09722e-007
4.776000	1.09266e-007
4.778000	1.08813e-007
4.780000	1.08364e-007
4.782000	1.07919e-007
4.784000	1.07477e-007
4.786000	1.07039e-007
4.788000	1.06604e-007
4.790000	1.06173e-007
4.792000	1.05746e-007
4.794000	1.05322e-007
4.796000	1.04902e-007
4.798000	1.04485e-007
4.800000	1.04072e-007
4.802000	1.03662e-007
4.804000	1.03256e-007
4.806000	1.02853e-007
4.808000	1.02453e-007
4.810000	1.02057e-007
4.812000	1.01665e-007
4.814000	1.01275e-007
4.816000	1.00889e-007
4.818000	1.00506e-007
4.820000	1.00126e-007
4.822000	9.97498e-008
4.824000	9.93763e-008
4.826000	9.90059e-008
4.828000	9.86384e-008
4.830000	9.82739e-008
4.832000	9.79123e-008
4.834000	9.75535e-008
4.836000	9.71975e-008
4.838000	9.68443e-008
4.840000	9.64937e-008
4.842000	9.61458e-008
4.844000	9.58004e-008
4.846000	9.54575e-008
4.848000	9.5117e-008
4.850000	9.47789e-008
4.852000	9.44431e-008
4.854000	9.41096e-008
4.856000	9.37783e-008
4.858000	9.34491e-008
4.860000	9.3122e-008
4.862000	9.27969e-008
4.864000	9.24737e-008
4.866000	9.21524e-008
4.868000	9.1833e-008
4.870000	9.15152e-008
4.872000	9.11992e-008
4.874000	9.08848e-008
4.876000	9.05719e-008
4.878000	9.02606e-008
4.880000	8.99507e-008
4.882000	8.96421e-008
4.884000	8.93349e-008
4.886000	8.90289e-008
4.888000	8.87242e-008
4.890000	8.84206e-008
4.892000	8.8118e-008
4.894000	8.78165e-008
4.896000	8.75159e-008
4.898000	8.72163e-008
4.900000	8.69175e-008
4.902000	8.66196e-008
4.904000	8.63224e-008
4.906000	8.60259e-008
4.908000	8.57301e-008
4.910000	8.54348e-008
4.912000	8.51402e-008
4.914000	8.48461e-008
4.916000	8.45524e-008
4.918000	8.42592e-008
4.920000	8.39664e-008
4.922000	8.36739e-008
4.924000	8.33818e-008
4.926000	8.30899e-008
4.928000	8.27984e-008
4.930000	8.2507e-008
4.932000	8.22158e-008
4.934000	8.19248e-008
4.936000	8.16339e-008
4.938000	8.13431e-008
4.940000	8.10524e-008
4.942000	8.07618e-008
4.944000	8.04712e-008
4.946000	8.01807e-008
4.948000	7.98901e-008
4.950000	7.95995e-008
4.952000	7.9309e-008
4.954000	7.90184e-008
4.956000	7.87277e-008
4.958000	7.8437e-008
4.960000	7.81462e-008
4.962000	7.78554e-008
4.964000	7.75645e-008
4.966000	7.72735e-008
4.968000	7.69825e-008
4.970000	7.66914e-008
4.972000	7.64002e-008
4.974000	7.6109e-008
4.976000	7.58177e-008
4.978000	7.55264e-008
4.980000	7.5235e-008
4.982000	7.49436e-008
4.984000	7.46522e-008
4.986000	7.43608e-008
4.988000	7.40694e-008
4.990000	7.3778e-008
4.992000	7.34866e-008
4.994000	7.31954e-008
4.996000	7.29042e-008
4.998000	7.2613e-008
5.000000	7.2322e-008
5.002000	7.20312e-008
5.004000	7.17405e-008
5.006000	7.145e-008
5.008000	7.11597e-008
5.010000	7.08697e-008
5.012000	7.05799e-008
5.014000	7.02904e-008
5.016000	7.00012e-008
5.018000	6.97123e-008
5.020000	6.94239e-008
5.022000	6.91358e-008
5.024000	6.88482e-008
5.026000	6.8561e-008
5.028000	6.82743e-008
5.030000	6.79882e-008
5.032000	6.77026e-008
5.034000	6.74175e-008
5.036000	6.71332e-008
5.038000	6.68494e-008
5.040000	6.65663e-008
5.042000	6.6284e-008
5.044000	6.60024e-008
5.046000	6.57216e-008
5.048000	6.54415e-008
5.050000	6.51623e-008
5.052000	6.4884e-008
5.054000	6.46066e-008
5.056000	6.43301e-008
5.058000	6.40546e-008
5.060000	6.37801e-008
5.062000	6.35065e-008
5.064000	6.32341e-008
5.066000	6.29627e-008
5.068000	6.26924e-008
5.070000	6.24233e-008
5.072000	6.21553e-008
5.074000	6.18885e-008
5.076000	6.16229e-008
5.078000	6.13585e-008
5.080000	6.10955e-008
5.082000	6.08336e-008
5.084000	6.05731e-008
5.086000	6.0314e-008
5.088000	6.00562e-008
5.090000	5.97997e-008
5.092000	5.95446e-008
5.094000	5.9291e-008
5.096000	5.90388e-008
5.098000	5.8788e-008
5.100000	5.85387e-008
5.102000	5.82908e-008
5.104000	5.80444e-008
5.106000	5.77996e-008
5.108000	5.75562e-008
5.110000	5.73144e-008
5.112000	5.70741e-008
5.114000	5.68353e-008
5.116000	5.65981e-008
5.118000	5.63624e-008
5.120000	5.61283e-008
5.122000	5.58958e-008
5.124000	5.56648e-008
5.126000	5.54354e-008
5.128000	5.52076e-008
5.130000	5.49814e-008
5.132000	5.47567e-008
5.134000	5.45336e-008
5.136000	5.4312e-008
5.138000	5.40921e-008
5.140000	5.38737e-008
5.142000	5.36568e-008
5.144000	5.34415e-008
5.146000	5.32278e-008
5.148000	5.30155e-008
5.150000	5.28049e-008
5.152000	5.25957e-008
5.154000	5.2388e-008
5.156000	5.21819e-008
5.158000	5.19772e-008
5.160000	5.1774e-008
5.162000	5.15722e-008
5.164000	5.13719e-008
5.166000	5.1173e-008
5.168000	5.09755e-008
5.170000	5.07794e-008
5.172000	5.05847e-008
5.174000	5.03914e-008
5.176000	5.01994e-008
5.178000	5.00087e-008
5.180000	4.98193e-008
5.182000	4.96312e-008
5.184000	4.94444e-008
5.186000	4.92588e-008
5.188000	4.90744e-008
5.190000	4.88913e-008
5.192000	4.87093e-008
5.194000	4.85284e-008
5.196000	4.83487e-008
5.198000	4.81701e-008
5.200000	4.79926e-008
5.202000	4.78161e-008
5.204000	4.76407e-008
5.206000	4.74663e-008
5.208000	4.72929e-008
5.210000	4.71205e-008
5.212000	4.6949e-008
5.214000	4.67784e-008
5.216000	4.66087e-008
5.218000	4.64399e-008
5.220000	4.62719e-008
5.222000	4.61047e-008
5.224000	4.59384e-008
5.226000	4.57728e-008
5.228000	4.56079e-008
5.230000	4.54438e-008
5.232000	4.52804e-008
5.234000	4.51177e-008
5.236000	4.49556e-008
5.238000	4.47942e-008
5.240000	4.46334e-008
5.242000	4.44731e-008
5.244000	4.43135e-008
5.246000	4.41543e-008
5.248000	4.39958e-008
5.250000	4.38377e-008
5.252000	4.36801e-008
5.254000	4.3523e-008
5.256000	4.33663e-008
5.258000	4.32101e-008
5.260000	4.30542e-008
5.262000	4.28988e-008
5.264000	4.27437e-008
5.266000	4.2589e-008
5.268000	4.24347e-008
5.270000	4.22807e-008
5.272000	4.2127e-008
5.274000	4.19736e-008
5.276000	4.18204e-008
5.278000	4.16676e-008
5.280000	4.1515e-008
5.282000	4.13627e-008
5.284000	4.12106e-008
5.286000	4.10588e-008
5.288000	4.09071e-008
5.290000	4.07557e-008
5.292000	4.06044e-008
5.294000	4.04534e-008
5.296000	4.03026e-008
5.298000	4.01519e-008
5.300000	4.00014e-008
5.302000	3.9851e-008
5.304000	3.97009e-008
5.306000	3.95508e-008
5.308000	3.9401e-008
5.310000	3.92513e-008
5.312000	3.91017e-008
5.314000	3.89523e-008
5.316000	3.8803e-008
5.318000	3.86539e-008
5.320000	3.85049e-008
5.322000	3.83561e-008
5.324000	3.82074e-008
5.326000	3.80588e-008
5.328000	3.79104e-008
5.330000	3.77622e-008
5.332000	3.76141e-008
5.334000	3.74661e-008
5.336000	3.73184e-008
5.338000	3.71708e-008
5.340000	3.70233e-008
5.342000	3.68761e-008
5.344000	3.6729e-008
5.346000	3.65821e-008
5.348000	3.64354e-008
5.350000	3.62889e-008
5.352000	3.61427e-008
5.354000	3.59966e-008
5.356000	3.58508e-008
5.358000	3.57052e-008
5.360000	3.55598e-008
5.362000	3.54147e-008
5.364000	3.52699e-008
5.366000	3.51253e-008
5.368000	3.4981e-008
5.370000	3.4837e-008
5.372000	3.46933e-008
5.374000	3.45499e-008
5.376000	3.44069e-008
5.378000	3.42641e-008
5.380000	3.41217e-008
5.382000	3.39797e-008
5.384000	3.3838e-008
5.386000	3.36967e-008
5.388000	3.35558e-008
5.390000	3.34153e-008
5.392000	3.32752e-008
5.394000	3.31355e-008
5.396000	3.29962e-008
5.398000	3.28574e-008
5.400000	3.2719e-008
5.402000	3.25811e-008
5.404000	3.24436e-008
5.406000	3.23066e-008
5.408000	3.21702e-008
5.410000	3.20342e-008
5.412000	3.18987e-008
5.414000	3.17638e-008
5.416000	3.16294e-008
5.418000	3.14955e-008
5.420000	3.13622e-008
5.422000	3.12295e-008
5.424000	3.10973e-008
5.426000	3.09657e-008
5.428000	3.08347e-008
5.430000	3.07043e-008
5.432000	3.05745e-008
5.434000	3.04453e-008
5.436000	3.03167e-008
5.438000	3.01887e-008
5.440000	3.00614e-008
5.442000	2.99347e-008
5.444000	2.98086e-008
5.446000	2.96832e-008
5.448000	2.95585e-008
5.450000	2.94344e-008
5.452000	2.9311e-008
5.454000	2.91883e-008
5.456000	2.90662e-008
5.458000	2.89448e-008
5.460000	2.88241e-008
5.462000	2.87041e-008
5.464000	2.85847e-008
5.466000	2.84661e-008
5.468000	2.83481e-008
5.470000	2.82309e-008
5.472000	2.81143e-008
5.474000	2.79984e-008
5.476000	2.78832e-008
5.478000	2.77687e-008
5.480000	2.7655e-008
5.482000	2.75419e-008
5.484000	2.74295e-008
5.486000	2.73177e-008
5.488000	2.72067e-008
5.490000	2.70964e-008
5.492000	2.69868e-008
5.494000	2.68778e-008
5.496000	2.67695e-008
5.498000	2.66619e-008
5.500000	2.6555e-008
5.502000	2.64487e-008
5.504000	2.63431e-008
5.506000	2.62382e-008
5.508000	2.61339e-008
5.510000	2.60303e-008
5.512000	2.59273e-008
5.514000	2.5825e-008
5.516000	2.57233e-008
5.518000	2.56222e-008
5.520000	2.55217e-008
5.522000	2.54219e-008
5.524000	2.53226e-008
5.526000	2.5224e-008
5.528000	2.5126e-008
5.530000	2.50285e-008
5.532000	2.49316e-008
5.534000	2.48353e-008
5.536000	2.47396e-008
5.538000	2.46444e-008
5.540000	2.45498e-008
5.542000	2.44557e-008
5.544000	2.43621e-008
5.546000	2.4269e-008
5.548000	2.41765e-008
5.550000	2.40845e-008
5.552000	2.39929e-008
5.554000	2.39019e-008
5.556000	2.38113e-008
5.558000	2.37212e-008
5.560000	2.36315e-008
5.562000	2.35423e-008
5.564000	2.34535e-008
5.566000	2.33652e-008
5.568000	2.32773e-008
5.570000	2.31898e-008
5.572000	2.31027e-008
5.574000	2.3016e-008
5.576000	2.29297e-008
5.578000	2.28438e-008
5.580000	2.27582e-008
5.582000	2.2673e-008
5.584000	2.25882e-008
5.586000	2.25037e-008
5.588000	2.24195e-008
5.590000	2.23357e-008
5.592000	2.22522e-008
5.594000	2.21689e-008
5.596000	2.2086e-008
5.598000	2.20034e-008
5.600000	2.19211e-008
5.602000	2.1839e-008
5.604000	2.17573e-008
5.606000	2.16757e-008
5.608000	2.15945e-008
5.610000	2.15135e-008
5.612000	2.14327e-008
5.614000	2.13522e-008
5.616000	2.12719e-008
5.618000	2.11918e-008
5.620000	2.1112e-008
5.622000	2.10324e-008
5.624000	2.09529e-008
5.626000	2.08737e-008
5.628000	2.07947e-008
5.630000	2.07159e-008
5.632000	2.06372e-008
5.634000	2.05588e-008
5.636000	2.04805e-008
5.638000	2.04024e-008
5.640000	2.03245e-008
5.642000	2.02467e-008
5.644000	2.01691e-008
5.646000	2.00917e-008
5.648000	2.00144e-008
5.650000	1.99373e-008
5.652000	1.98604e-008
5.654000	1.97836e-008
5.656000	1.97069e-008
5.658000	1.96304e-008
5.660000	1.95541e-008
5.662000	1.94779e-008
5.664000	1.94018e-008
5.666000	1.93259e-008
5.668000	1.92501e-008
5.670000	1.91745e-008
5.672000	1.9099e-008
5.674000	1.90236e-008
5.676000	1.89485e-008
5.678000	1.88734e-008
5.680000	1.87985e-008
5.682000	1.87237e-008
5.684000	1.86491e-008
5.686000	1.85746e-008
5.688000	1.85003e-008
5.690000	1.84261e-008
5.692000	1.83521e-008
5.694000	1.82783e-008
5.696000	1.82045e-008
5.698000	1.8131e-008
5.700000	1.80576e-008
5.702000	1.79843e-008
5.704000	1.79113e-008
5.706000	1.78384e-008
5.708000	1.77656e-008
5.710000	1.76931e-008
5.712000	1.76207e-008
5.714000	1.75485e-008
5.716000	1.74764e-008
5.718000	1.74046e-008
5.720000	1.73329e-008
5.722000	1.72614e-008
5.724000	1.71901e-008
5.726000	1.71191e-008
5.728000	1.70482e-008
5.730000	1.69775e-008
5.732000	1.6907e-008
5.734000	1.68367e-008
5.736000	1.67667e-008
5.738000	1.66968e-008
5.740000	1.66272e-008
5.742000	1.65578e-008
5.744000	1.64886e-008
5.746000	1.64197e-008
5.748000	1.6351e-008
5.750000	1.62825e-008
5.752000	1.62143e-008
5.754000	1.61463e-008
5.756000	1.60786e-008
5.758000	1.60111e-008
5.760000	1.59439e-008
5.762000	1.58769e-008
5.764000	1.58102e-008
5.766000	1.57438e-008
5.768000	1.56776e-008
5.770000	1.56117e-008
5.772000	1.5546e-008
5.774000	1.54807e-008
5.776000	1.54156e-008
5.778000	1.53508e-008
5.780000	1.52863e-008
5.782000	1.5222e-008
5.784000	1.51581e-008
5.786000	1.50945e-008
5.788000	1.50311e-008
5.790000	1.4968e-008
5.792000	1.49053e-008
5.794000	1.48428e-008
5.796000	1.47807e-008
5.798000	1.47188e-008
5.800000	1.46572e-008
5.802000	1.4596e-008
5.804000	1.4535e-008
5.806000	1.44744e-008
5.808000	1.44141e-008
5.810000	1.43541e-008
5.812000	1.42944e-008
5.814000	1.4235e-008
5.816000	1.41759e-008
5.818000	1.41171e-008
5.820000	1.40587e-008
5.822000	1.40005e-008
5.824000	1.39427e-008
5.826000	1.38852e-008
5.828000	1.3828e-008
5.830000	1.37711e-008
5.832000	1.37145e-008
5.834000	1.36582e-008
5.836000	1.36022e-008
5.838000	1.35466e-008
5.840000	1.34912e-008
5.842000	1.34362e-008
5.844000	1.33815e-008
5.846000	1.33271e-008
5.848000	1.32729e-008
5.850000	1.32191e-008
5.852000	1.31656e-008
5.854000	1.31124e-008
5.856000	1.30595e-008
5.858000	1.30068e-008
5.860000	1.29545e-008
5.862000	1.29025e-008
5.864000	1.28507e-008
5.866000	1.27992e-008
5.868000	1.2748e-008
5.870000	1.26971e-008
5.872000	1.26465e-008
5.874000	1.25962e-008
5.876000	1.25461e-008
5.878000	1.24963e-008
5.880000	1.24468e-008
5.882000	1.23975e-008
5.884000	1.23485e-008
5.886000	1.22997e-008
5.888000	1.22512e-008
5.890000	1.2203e-008
5.892000	1.2155e-008
5.894000	1.21073e-008
5.896000	1.20598e-008
5.898000	1.20125e-008
5.900000	1.19655e-008
5.902000	1.19187e-008
5.904000	1.18722e-008
5.906000	1.18258e-008
5.908000	1.17797e-008
5.910000	1.17339e-008
5.912000	1.16882e-008
5.914000	1.16427e-008
5.916000	1.15975e-008
5.918000	1.15525e-008
5.920000	1.15076e-008
5.922000	1.1463e-008
5.924000	1.14186e-008
5.926000	1.13743e-008
5.928000	1.13303e-008
5.930000	1.12864e-008
5.932000	1.12427e-008
5.934000	1.11992e-008
5.936000	1.11559e-008
5.938000	1.11128e-008
5.940000	1.10698e-008
5.942000	1.1027e-008
5.944000	1.09843e-008
5.946000	1.09418e-008
5.948000	1.08995e-008
5.950000	1.08574e-008
5.952000	1.08153e-008
5.954000	1.07735e-008
5.956000	1.07318e-008
5.958000	1.06902e-008
5.960000	1.06488e-008
5.962000	1.06075e-008
5.964000	1.05664e-008
5.966000	1.05253e-008
5.968000	1.04845e-008
5.970000	1.04437e-008
5.972000	1.04031e-008
5.974000	1.03626e-008
5.976000	1.03222e-008
5.978000	1.0282e-008
5.980000	1.02419e-008
5.982000	1.02019e-008
5.984000	1.0162e-008
5.986000	1.01222e-008
5.988000	1.00826e-008
5.990000	1.0043e-008
5.992000	1.00036e-008
5.994000	9.96426e-009
5.996000	9.92504e-009
5.998000	9.88593e-009
6.000000	9.84693e-009
