0.160000	0.971855
0.162000	0.971488
0.164000	0.971119
0.166000	0.97075
0.168000	0.97038
0.170000	0.97001
0.172000	0.969638
0.174000	0.969266
0.176000	0.968894
0.178000	0.96852
0.180000	0.968146
0.182000	0.96777
0.184000	0.967394
0.186000	0.967018
0.188000	0.96664
0.190000	0.966261
0.192000	0.965882
0.194000	0.965502
0.196000	0.96512
0.198000	0.964738
0.200000	0.964355
0.202000	0.963971
0.204000	0.963586
0.206000	0.9632
0.208000	0.962813
0.210000	0.962425
0.212000	0.962036
0.214000	0.961646
0.216000	0.961255
0.218000	0.960863
0.220000	0.96047
0.222000	0.960075
0.224000	0.95968
0.226000	0.959283
0.228000	0.958885
0.230000	0.958486
0.232000	0.958086
0.234000	0.957685
0.236000	0.957282
0.238000	0.956878
0.240000	0.956473
0.242000	0.956066
0.244000	0.955659
0.246000	0.95525
0.248000	0.954839
0.250000	0.954427
0.252000	0.954014
0.254000	0.9536
0.256000	0.953184
0.258000	0.952766
0.260000	0.952347
0.262000	0.951927
0.264000	0.951505
0.266000	0.951081
0.268000	0.950656
0.270000	0.95023
0.272000	0.949801
0.274000	0.949372
0.276000	0.94894
0.278000	0.948507
0.280000	0.948072
0.282000	0.947635
0.284000	0.947197
0.286000	0.946757
0.288000	0.946315
0.290000	0.945871
0.292000	0.945425
0.294000	0.944978
0.296000	0.944528
0.298000	0.944077
0.300000	0.943623
0.302000	0.943168
0.304000	0.94271
0.306000	0.942251
0.308000	0.941789
0.310000	0.941325
0.312000	0.94086
0.314000	0.940391
0.316000	0.939921
0.318000	0.939449
0.320000	0.938974
0.322000	0.938496
0.324000	0.938017
0.326000	0.937535
0.328000	0.93705
0.330000	0.936563
0.332000	0.936074
0.334000	0.935582
0.336000	0.935088
0.338000	0.93459
0.340000	0.93409
0.342000	0.933588
0.344000	0.933082
0.346000	0.932574
0.348000	0.932063
0.350000	0.931549
0.352000	0.931032
0.354000	0.930513
0.356000	0.92999
0.358000	0.929464
0.360000	0.928935
0.362000	0.928402
0.364000	0.927867
0.366000	0.927328
0.368000	0.926786
0.370000	0.92624
0.372000	0.925691
0.374000	0.925139
0.376000	0.924582
0.378000	0.924023
0.380000	0.923459
0.382000	0.922892
0.384000	0.922321
0.386000	0.921746
0.388000	0.921167
0.390000	0.920584
0.392000	0.919997
0.394000	0.919405
0.396000	0.91881
0.398000	0.91821
0.400000	0.917606
0.402000	0.916997
0.404000	0.916384
0.406000	0.915766
0.408000	0.915143
0.410000	0.914515
0.412000	0.913883
0.414000	0.913246
0.416000	0.912603
0.418000	0.911955
0.420000	0.911302
0.422000	0.910644
0.424000	0.90998
0.426000	0.90931
0.428000	0.908635
0.430000	0.907954
0.432000	0.907267
0.434000	0.906574
0.436000	0.905875
0.438000	0.905169
0.440000	0.904457
0.442000	0.903738
0.444000	0.903013
0.446000	0.902281
0.448000	0.901542
0.450000	0.900795
0.452000	0.900042
0.454000	0.899281
0.456000	0.898512
0.458000	0.897736
0.460000	0.896951
0.462000	0.896159
0.464000	0.895358
0.466000	0.894548
0.468000	0.89373
0.470000	0.892903
0.472000	0.892067
0.474000	0.891222
0.476000	0.890367
0.478000	0.889502
0.480000	0.888627
0.482000	0.887742
0.484000	0.886846
0.486000	0.88594
0.488000	0.885023
0.490000	0.884094
0.492000	0.883154
0.494000	0.882202
0.496000	0.881237
0.498000	0.88026
0.500000	0.87927
0.502000	0.878267
0.504000	0.877251
0.506000	0.87622
0.508000	0.875175
0.510000	0.874115
0.512000	0.87304
0.514000	0.87195
0.516000	0.870843
0.518000	0.86972
0.520000	0.86858
0.522000	0.867422
0.524000	0.866246
0.526000	0.865051
0.528000	0.863837
0.530000	0.862603
0.532000	0.861349
0.534000	0.860074
0.536000	0.858776
0.538000	0.857456
0.540000	0.856113
0.542000	0.854745
0.544000	0.853352
0.546000	0.851934
0.548000	0.850488
0.550000	0.849014
0.552000	0.847512
0.554000	0.845979
0.556000	0.844416
0.558000	0.842819
0.560000	0.841189
0.562000	0.839524
0.564000	0.837823
0.566000	0.836083
0.568000	0.834304
0.570000	0.832483
0.572000	0.830619
0.574000	0.828709
0.576000	0.826752
0.578000	0.824746
0.580000	0.822688
0.582000	0.820575
0.584000	0.818405
0.586000	0.816174
0.588000	0.813881
0.590000	0.81152
0.592000	0.80909
0.594000	0.806585
0.596000	0.804001
0.598000	0.801334
0.600000	0.798579
0.602000	0.79573
0.604000	0.792782
0.606000	0.789727
0.608000	0.786559
0.610000	0.78327
0.612000	0.779851
0.614000	0.776294
0.616000	0.772586
0.618000	0.768718
0.620000	0.764675
0.622000	0.760445
0.624000	0.756012
0.626000	0.751358
0.628000	0.746464
0.630000	0.741309
0.632000	0.73587
0.634000	0.730122
0.636000	0.724037
0.638000	0.717588
0.640000	0.710745
0.642000	0.703477
0.644000	0.695757
0.646000	0.687558
0.648000	0.67886
0.650000	0.669647
0.652000	0.659913
0.654000	0.649662
0.656000	0.638906
0.658000	0.627668
0.660000	0.61598
0.662000	0.603878
0.664000	0.591403
0.666000	0.578599
0.668000	0.565509
0.670000	0.552173
0.672000	0.538632
0.674000	0.524921
0.676000	0.511076
0.678000	0.497129
0.680000	0.483113
0.682000	0.469059
0.684000	0.454996
0.686000	0.440955
0.688000	0.426966
0.690000	0.41306
0.692000	0.399266
0.694000	0.385615
0.696000	0.372136
0.698000	0.358857
0.700000	0.345806
0.702000	0.33301
0.704000	0.320494
0.706000	0.308282
0.708000	0.296395
0.710000	0.284852
0.712000	0.273671
0.714000	0.262867
0.716000	0.252452
0.718000	0.242437
0.720000	0.232827
0.722000	0.22363
0.724000	0.214846
0.726000	0.206476
0.728000	0.198518
0.730000	0.190967
0.732000	0.183818
0.734000	0.177063
0.736000	0.170692
0.738000	0.164694
0.740000	0.159057
0.742000	0.153767
0.744000	0.148812
0.746000	0.144176
0.748000	0.139844
0.750000	0.135801
0.752000	0.13203
0.754000	0.128518
0.756000	0.125247
0.758000	0.122202
0.760000	0.119369
0.762000	0.116732
0.764000	0.114277
0.766000	0.11199
0.768000	0.109858
0.770000	0.107868
0.772000	0.106007
0.774000	0.104265
0.776000	0.10263
0.778000	0.101092
0.780000	0.099641
0.782000	0.0982677
0.784000	0.0969637
0.786000	0.0957211
0.788000	0.0945326
0.790000	0.0933912
0.792000	0.0922909
0.794000	0.0912257
0.796000	0.0901904
0.798000	0.0891802
0.800000	0.0881908
0.802000	0.0872182
0.804000	0.0862589
0.806000	0.0853097
0.808000	0.0843679
0.810000	0.083431
0.812000	0.0824968
0.814000	0.0815634
0.816000	0.0806293
0.818000	0.079693
0.820000	0.0787535
0.822000	0.0778099
0.824000	0.0768615
0.826000	0.0759077
0.828000	0.0749482
0.830000	0.0739828
0.832000	0.0730114
0.834000	0.0720342
0.836000	0.0710511
0.838000	0.0700627
0.840000	0.0690691
0.842000	0.0680709
0.844000	0.0670687
0.846000	0.0660629
0.848000	0.0650543
0.850000	0.0640435
0.852000	0.0630313
0.854000	0.0620185
0.856000	0.0610057
0.858000	0.059994
0.860000	0.058984
0.862000	0.0579767
0.864000	0.0569728
0.866000	0.0559732
0.868000	0.0549788
0.870000	0.0539904
0.872000	0.0530088
0.874000	0.0520348
0.876000	0.0510693
0.878000	0.0501129
0.880000	0.0491664
0.882000	0.0482306
0.884000	0.0473061
0.886000	0.0463936
0.888000	0.0454937
0.890000	0.0446071
0.892000	0.0437343
0.894000	0.0428758
0.896000	0.0420321
0.898000	0.0412038
0.900000	0.0403911
0.902000	0.0395946
0.904000	0.0388145
0.906000	0.0380512
0.908000	0.037305
0.910000	0.036576
0.912000	0.0358646
0.914000	0.0351708
0.916000	0.0344948
0.918000	0.0338367
0.920000	0.0331965
0.922000	0.0325744
0.924000	0.0319702
0.926000	0.0313839
0.928000	0.0308156
0.930000	0.030265
0.932000	0.029732
0.934000	0.0292166
0.936000	0.0287185
0.938000	0.0282375
0.940000	0.0277733
0.942000	0.0273258
0.944000	0.0268947
0.946000	0.0264796
0.948000	0.0260803
0.950000	0.0256964
0.952000	0.0253275
0.954000	0.0249734
0.956000	0.0246336
0.958000	0.0243078
0.960000	0.0239955
0.962000	0.0236963
0.964000	0.0234099
0.966000	0.0231357
0.968000	0.0228734
0.970000	0.0226226
0.972000	0.0223827
0.974000	0.0221534
0.976000	0.0219341
0.978000	0.0217246
0.980000	0.0215242
0.982000	0.0213326
0.984000	0.0211493
0.986000	0.0209739
0.988000	0.020806
0.990000	0.0206451
0.992000	0.0204908
0.994000	0.0203426
0.996000	0.0202002
0.998000	0.0200632
1.000000	0.0199311
1.002000	0.0198037
1.004000	0.0196804
1.006000	0.0195609
1.008000	0.019445
1.010000	0.0193321
1.012000	0.019222
1.014000	0.0191144
1.016000	0.019009
1.018000	0.0189053
1.020000	0.0188032
1.022000	0.0187024
1.024000	0.0186026
1.026000	0.0185036
1.028000	0.018405
1.030000	0.0183067
1.032000	0.0182085
1.034000	0.0181101
1.036000	0.0180113
1.038000	0.017912
1.040000	0.0178121
1.042000	0.0177112
1.044000	0.0176094
1.046000	0.0175064
1.048000	0.0174022
1.050000	0.0172966
1.052000	0.0171895
1.054000	0.0170809
1.056000	0.0169707
1.058000	0.0168587
1.060000	0.0167451
1.062000	0.0166296
1.064000	0.0165122
1.066000	0.016393
1.068000	0.016272
1.070000	0.016149
1.072000	0.0160241
1.074000	0.0158974
1.076000	0.0157688
1.078000	0.0156384
1.080000	0.0155061
1.082000	0.0153721
1.084000	0.0152364
1.086000	0.015099
1.088000	0.0149599
1.090000	0.0148194
1.092000	0.0146773
1.094000	0.0145338
1.096000	0.014389
1.098000	0.0142429
1.100000	0.0140956
1.102000	0.0139473
1.104000	0.013798
1.106000	0.0136478
1.108000	0.0134968
1.110000	0.013345
1.112000	0.0131927
1.114000	0.01304
1.116000	0.0128868
1.118000	0.0127333
1.120000	0.0125797
1.122000	0.012426
1.124000	0.0122724
1.126000	0.0121189
1.128000	0.0119656
1.130000	0.0118128
1.132000	0.0116604
1.134000	0.0115086
1.136000	0.0113574
1.138000	0.011207
1.140000	0.0110576
1.142000	0.0109091
1.144000	0.0107617
1.146000	0.0106154
1.148000	0.0104704
1.150000	0.0103268
1.152000	0.0101846
1.154000	0.010044
1.156000	0.00990495
1.158000	0.00976759
1.160000	0.00963199
1.162000	0.00949823
1.164000	0.00936637
1.166000	0.00923647
1.168000	0.00910861
1.170000	0.00898283
1.172000	0.00885919
1.174000	0.00873773
1.176000	0.00861852
1.178000	0.00850158
1.180000	0.00838697
1.182000	0.00827471
1.184000	0.00816483
1.186000	0.00805736
1.188000	0.00795234
1.190000	0.00784977
1.192000	0.00774967
1.194000	0.00765206
1.196000	0.00755695
1.198000	0.00746433
1.200000	0.00737422
1.202000	0.00728661
1.204000	0.00720149
1.206000	0.00711886
1.208000	0.0070387
1.210000	0.006961
1.212000	0.00688574
1.214000	0.0068129
1.216000	0.00674245
1.218000	0.00667437
1.220000	0.00660863
1.222000	0.00654519
1.224000	0.00648401
1.226000	0.00642507
1.228000	0.00636832
1.230000	0.00631371
1.232000	0.0062612
1.234000	0.00621075
1.236000	0.00616231
1.238000	0.00611582
1.240000	0.00607123
1.242000	0.0060285
1.244000	0.00598756
1.246000	0.00594836
1.248000	0.00591084
1.250000	0.00587494
1.252000	0.0058406
1.254000	0.00580776
1.256000	0.00577637
1.258000	0.00574635
1.260000	0.00571766
1.262000	0.00569021
1.264000	0.00566396
1.266000	0.00563883
1.268000	0.00561477
1.270000	0.00559171
1.272000	0.00556959
1.274000	0.00554835
1.276000	0.00552792
1.278000	0.00550825
1.280000	0.00548926
1.282000	0.00547091
1.284000	0.00545313
1.286000	0.00543587
1.288000	0.00541906
1.290000	0.00540265
1.292000	0.00538658
1.294000	0.0053708
1.296000	0.00535526
1.298000	0.0053399
1.300000	0.00532467
1.302000	0.00530952
1.304000	0.00529441
1.306000	0.00527929
1.308000	0.00526411
1.310000	0.00524883
1.312000	0.00523341
1.314000	0.0052178
1.316000	0.00520198
1.318000	0.0051859
1.320000	0.00516953
1.322000	0.00515283
1.324000	0.00513578
1.326000	0.00511835
1.328000	0.0051005
1.330000	0.00508222
1.332000	0.00506347
1.334000	0.00504423
1.336000	0.0050245
1.338000	0.00500424
1.340000	0.00498344
1.342000	0.00496208
1.344000	0.00494016
1.346000	0.00491766
1.348000	0.00489457
1.350000	0.00487089
1.352000	0.0048466
1.354000	0.00482171
1.356000	0.00479621
1.358000	0.0047701
1.360000	0.00474337
1.362000	0.00471605
1.364000	0.00468812
1.366000	0.00465959
1.368000	0.00463047
1.370000	0.00460076
1.372000	0.00457048
1.374000	0.00453964
1.376000	0.00450825
1.378000	0.00447632
1.380000	0.00444387
1.382000	0.0044109
1.384000	0.00437745
1.386000	0.00434352
1.388000	0.00430914
1.390000	0.00427432
1.392000	0.00423909
1.394000	0.00420346
1.396000	0.00416746
1.398000	0.00413112
1.400000	0.00409444
1.402000	0.00405746
1.404000	0.00402021
1.406000	0.0039827
1.408000	0.00394497
1.410000	0.00390703
1.412000	0.00386892
1.414000	0.00383066
1.416000	0.00379228
1.418000	0.0037538
1.420000	0.00371525
1.422000	0.00367666
1.424000	0.00363805
1.426000	0.00359946
1.428000	0.0035609
1.430000	0.00352241
1.432000	0.00348401
1.434000	0.00344573
1.436000	0.00340759
1.438000	0.00336962
1.440000	0.00333184
1.442000	0.00329428
1.444000	0.00325697
1.446000	0.00321992
1.448000	0.00318317
1.450000	0.00314672
1.452000	0.00311062
1.454000	0.00307487
1.456000	0.0030395
1.458000	0.00300453
1.460000	0.00296998
1.462000	0.00293587
1.464000	0.00290221
1.466000	0.00286903
1.468000	0.00283633
1.470000	0.00280415
1.472000	0.00277248
1.474000	0.00274135
1.476000	0.00271077
1.478000	0.00268075
1.480000	0.0026513
1.482000	0.00262244
1.484000	0.00259416
1.486000	0.0025665
1.488000	0.00253944
1.490000	0.002513
1.492000	0.00248718
1.494000	0.002462
1.496000	0.00243744
1.498000	0.00241353
1.500000	0.00239025
1.502000	0.00236762
1.504000	0.00234563
1.506000	0.00232428
1.508000	0.00230357
1.510000	0.00228351
1.512000	0.00226408
1.514000	0.00224529
1.516000	0.00222712
1.518000	0.00220959
1.520000	0.00219267
1.522000	0.00217637
1.524000	0.00216067
1.526000	0.00214557
1.528000	0.00213106
1.530000	0.00211713
1.532000	0.00210378
1.534000	0.00209098
1.536000	0.00207874
1.538000	0.00206703
1.540000	0.00205585
1.542000	0.00204518
1.544000	0.00203501
1.546000	0.00202533
1.548000	0.00201612
1.550000	0.00200737
1.552000	0.00199906
1.554000	0.00199118
1.556000	0.00198371
1.558000	0.00197664
1.560000	0.00196995
1.562000	0.00196363
1.564000	0.00195765
1.566000	0.001952
1.568000	0.00194667
1.570000	0.00194164
1.572000	0.00193688
1.574000	0.00193239
1.576000	0.00192814
1.578000	0.00192413
1.580000	0.00192032
1.582000	0.00191671
1.584000	0.00191327
1.586000	0.00191
1.588000	0.00190687
1.590000	0.00190386
1.592000	0.00190097
1.594000	0.00189817
1.596000	0.00189544
1.598000	0.00189278
1.600000	0.00189016
1.602000	0.00188758
1.604000	0.00188501
1.606000	0.00188243
1.608000	0.00187985
1.610000	0.00187723
1.612000	0.00187458
1.614000	0.00187187
1.616000	0.00186908
1.618000	0.00186622
1.620000	0.00186327
1.622000	0.00186021
1.624000	0.00185703
1.626000	0.00185373
1.628000	0.00185028
1.630000	0.00184669
1.632000	0.00184295
1.634000	0.00183904
1.636000	0.00183495
1.638000	0.00183068
1.640000	0.00182622
1.642000	0.00182157
1.644000	0.00181671
1.646000	0.00181164
1.648000	0.00180636
1.650000	0.00180087
1.652000	0.00179514
1.654000	0.0017892
1.656000	0.00178302
1.658000	0.00177661
1.660000	0.00176996
1.662000	0.00176308
1.664000	0.00175596
1.666000	0.00174861
1.668000	0.00174101
1.670000	0.00173318
1.672000	0.00172511
1.674000	0.0017168
1.676000	0.00170826
1.678000	0.00169948
1.680000	0.00169048
1.682000	0.00168125
1.684000	0.0016718
1.686000	0.00166213
1.688000	0.00165225
1.690000	0.00164215
1.692000	0.00163185
1.694000	0.00162135
1.696000	0.00161066
1.698000	0.00159977
1.700000	0.00158871
1.702000	0.00157747
1.704000	0.00156607
1.706000	0.0015545
1.708000	0.00154278
1.710000	0.00153092
1.712000	0.00151892
1.714000	0.00150679
1.716000	0.00149454
1.718000	0.00148217
1.720000	0.00146971
1.722000	0.00145715
1.724000	0.0014445
1.726000	0.00143178
1.728000	0.00141899
1.730000	0.00140614
1.732000	0.00139325
1.734000	0.00138031
1.736000	0.00136734
1.738000	0.00135436
1.740000	0.00134136
1.742000	0.00132836
1.744000	0.00131537
1.746000	0.0013024
1.748000	0.00128945
1.750000	0.00127654
1.752000	0.00126367
1.754000	0.00125086
1.756000	0.0012381
1.758000	0.00122542
1.760000	0.00121282
1.762000	0.00120031
1.764000	0.0011879
1.766000	0.00117559
1.768000	0.00116339
1.770000	0.00115131
1.772000	0.00113936
1.774000	0.00112755
1.776000	0.00111588
1.778000	0.00110435
1.780000	0.00109299
1.782000	0.00108178
1.784000	0.00107075
1.786000	0.00105988
1.788000	0.0010492
1.790000	0.0010387
1.792000	0.00102839
1.794000	0.00101828
1.796000	0.00100836
1.798000	0.000998649
1.800000	0.000989143
1.802000	0.000979847
1.804000	0.000970764
1.806000	0.000961898
1.808000	0.00095325
1.810000	0.000944823
1.812000	0.000936619
1.814000	0.00092864
1.816000	0.000920886
1.818000	0.00091336
1.820000	0.000906061
1.822000	0.00089899
1.824000	0.000892146
1.826000	0.000885531
1.828000	0.000879143
1.830000	0.000872981
1.832000	0.000867045
1.834000	0.000861333
1.836000	0.000855843
1.838000	0.000850574
1.840000	0.000845522
1.842000	0.000840687
1.844000	0.000836065
1.846000	0.000831652
1.848000	0.000827446
1.850000	0.000823444
1.852000	0.000819642
1.854000	0.000816035
1.856000	0.00081262
1.858000	0.000809392
1.860000	0.000806348
1.862000	0.000803481
1.864000	0.000800788
1.866000	0.000798263
1.868000	0.000795901
1.870000	0.000793696
1.872000	0.000791644
1.874000	0.000789739
1.876000	0.000787974
1.878000	0.000786344
1.880000	0.000784844
1.882000	0.000783466
1.884000	0.000782206
1.886000	0.000781056
1.888000	0.00078001
1.890000	0.000779062
1.892000	0.000778207
1.894000	0.000777436
1.896000	0.000776745
1.898000	0.000776126
1.900000	0.000775573
1.902000	0.00077508
1.904000	0.00077464
1.906000	0.000774247
1.908000	0.000773894
1.910000	0.000773576
1.912000	0.000773286
1.914000	0.000773018
1.916000	0.000772765
1.918000	0.000772522
1.920000	0.000772283
1.922000	0.000772042
1.924000	0.000771793
1.926000	0.00077153
1.928000	0.000771249
1.930000	0.000770942
1.932000	0.000770606
1.934000	0.000770236
1.936000	0.000769825
1.938000	0.00076937
1.940000	0.000768865
1.942000	0.000768306
1.944000	0.000767689
1.946000	0.000767009
1.948000	0.000766262
1.950000	0.000765445
1.952000	0.000764554
1.954000	0.000763586
1.956000	0.000762536
1.958000	0.000761402
1.960000	0.000760181
1.962000	0.000758871
1.964000	0.000757468
1.966000	0.00075597
1.968000	0.000754376
1.970000	0.000752683
1.972000	0.00075089
1.974000	0.000748994
1.976000	0.000746995
1.978000	0.000744892
1.980000	0.000742684
1.982000	0.000740369
1.984000	0.000737947
1.986000	0.000735418
1.988000	0.000732783
1.990000	0.00073004
1.992000	0.00072719
1.994000	0.000724234
1.996000	0.000721171
1.998000	0.000718004
2.000000	0.000714732
2.002000	0.000711358
2.004000	0.000707882
2.006000	0.000704306
2.008000	0.000700631
2.010000	0.000696859
2.012000	0.000692993
2.014000	0.000689034
2.016000	0.000684985
2.018000	0.000680848
2.020000	0.000676625
2.022000	0.000672319
2.024000	0.000667934
2.026000	0.000663472
2.028000	0.000658935
2.030000	0.000654328
2.032000	0.000649653
2.034000	0.000644913
2.036000	0.000640113
2.038000	0.000635255
2.040000	0.000630344
2.042000	0.000625382
2.044000	0.000620374
2.046000	0.000615323
2.048000	0.000610234
2.050000	0.000605109
2.052000	0.000599953
2.054000	0.00059477
2.056000	0.000589564
2.058000	0.000584339
2.060000	0.000579099
2.062000	0.000573847
2.064000	0.000568588
2.066000	0.000563326
2.068000	0.000558065
2.070000	0.000552809
2.072000	0.000547562
2.074000	0.000542327
2.076000	0.000537109
2.078000	0.000531911
2.080000	0.000526738
2.082000	0.000521593
2.084000	0.000516479
2.086000	0.000511401
2.088000	0.000506362
2.090000	0.000501365
2.092000	0.000496414
2.094000	0.000491512
2.096000	0.000486662
2.098000	0.000481869
2.100000	0.000477134
2.102000	0.00047246
2.104000	0.000467852
2.106000	0.00046331
2.108000	0.000458839
2.110000	0.00045444
2.112000	0.000450116
2.114000	0.00044587
2.116000	0.000441703
2.118000	0.000437618
2.120000	0.000433617
2.122000	0.000429701
2.124000	0.000425872
2.126000	0.000422133
2.128000	0.000418483
2.130000	0.000414925
2.132000	0.00041146
2.134000	0.000408089
2.136000	0.000404813
2.138000	0.000401632
2.140000	0.000398548
2.142000	0.000395561
2.144000	0.000392671
2.146000	0.000389878
2.148000	0.000387184
2.150000	0.000384587
2.152000	0.000382087
2.154000	0.000379686
2.156000	0.000377381
2.158000	0.000375173
2.160000	0.000373061
2.162000	0.000371044
2.164000	0.000369121
2.166000	0.000367292
2.168000	0.000365556
2.170000	0.00036391
2.172000	0.000362355
2.174000	0.000360888
2.176000	0.000359508
2.178000	0.000358213
2.180000	0.000357002
2.182000	0.000355873
2.184000	0.000354825
2.186000	0.000353854
2.188000	0.000352959
2.190000	0.000352138
2.192000	0.000351388
2.194000	0.000350709
2.196000	0.000350096
2.198000	0.000349547
2.200000	0.000349061
2.202000	0.000348635
2.204000	0.000348266
2.206000	0.000347951
2.208000	0.000347688
2.210000	0.000347474
2.212000	0.000347306
2.214000	0.000347182
2.216000	0.000347098
2.218000	0.000347053
2.220000	0.000347043
2.222000	0.000347065
2.224000	0.000347116
2.226000	0.000347194
2.228000	0.000347296
2.230000	0.000347419
2.232000	0.000347559
2.234000	0.000347715
2.236000	0.000347883
2.238000	0.000348061
2.240000	0.000348245
2.242000	0.000348434
2.244000	0.000348623
2.246000	0.000348812
2.248000	0.000348996
2.250000	0.000349173
2.252000	0.000349342
2.254000	0.000349498
2.256000	0.000349641
2.258000	0.000349767
2.260000	0.000349873
2.262000	0.000349959
2.264000	0.000350021
2.266000	0.000350057
2.268000	0.000350066
2.270000	0.000350045
2.272000	0.000349992
2.274000	0.000349906
2.276000	0.000349784
2.278000	0.000349626
2.280000	0.000349428
2.282000	0.00034919
2.284000	0.000348911
2.286000	0.000348588
2.288000	0.000348221
2.290000	0.000347808
2.292000	0.000347348
2.294000	0.000346841
2.296000	0.000346284
2.298000	0.000345678
2.300000	0.000345022
2.302000	0.000344315
2.304000	0.000343556
2.306000	0.000342745
2.308000	0.000341881
2.310000	0.000340964
2.312000	0.000339995
2.314000	0.000338972
2.316000	0.000337896
2.318000	0.000336766
2.320000	0.000335584
2.322000	0.000334349
2.324000	0.000333061
2.326000	0.000331721
2.328000	0.000330329
2.330000	0.000328887
2.332000	0.000327394
2.334000	0.000325851
2.336000	0.000324259
2.338000	0.000322619
2.340000	0.000320932
2.342000	0.000319198
2.344000	0.00031742
2.346000	0.000315597
2.348000	0.000313732
2.350000	0.000311826
2.352000	0.000309879
2.354000	0.000307893
2.356000	0.00030587
2.358000	0.000303811
2.360000	0.000301718
2.362000	0.000299593
2.364000	0.000297436
2.366000	0.000295249
2.368000	0.000293035
2.370000	0.000290795
2.372000	0.000288531
2.374000	0.000286244
2.376000	0.000283937
2.378000	0.000281611
2.380000	0.000279268
2.382000	0.00027691
2.384000	0.000274539
2.386000	0.000272157
2.388000	0.000269766
2.390000	0.000267367
2.392000	0.000264963
2.394000	0.000262556
2.396000	0.000260147
2.398000	0.000257738
2.400000	0.000255332
2.402000	0.00025293
2.404000	0.000250534
2.406000	0.000248146
2.408000	0.000245768
2.410000	0.000243402
2.412000	0.000241049
2.414000	0.000238711
2.416000	0.000236391
2.418000	0.000234089
2.420000	0.000231807
2.422000	0.000229548
2.424000	0.000227312
2.426000	0.000225102
2.428000	0.000222918
2.430000	0.000220763
2.432000	0.000218638
2.434000	0.000216543
2.436000	0.000214481
2.438000	0.000212453
2.440000	0.00021046
2.442000	0.000208503
2.444000	0.000206584
2.446000	0.000204702
2.448000	0.00020286
2.450000	0.000201059
2.452000	0.000199299
2.454000	0.000197581
2.456000	0.000195906
2.458000	0.000194274
2.460000	0.000192687
2.462000	0.000191145
2.464000	0.000189648
2.466000	0.000188196
2.468000	0.000186792
2.470000	0.000185433
2.472000	0.000184122
2.474000	0.000182858
2.476000	0.00018164
2.478000	0.000180471
2.480000	0.000179348
2.482000	0.000178273
2.484000	0.000177245
2.486000	0.000176264
2.488000	0.00017533
2.490000	0.000174443
2.492000	0.000173601
2.494000	0.000172806
2.496000	0.000172055
2.498000	0.00017135
2.500000	0.000170689
2.502000	0.000170071
2.504000	0.000169496
2.506000	0.000168964
2.508000	0.000168473
2.510000	0.000168023
2.512000	0.000167612
2.514000	0.00016724
2.516000	0.000166906
2.518000	0.000166609
2.520000	0.000166348
2.522000	0.000166121
2.524000	0.000165929
2.526000	0.000165768
2.528000	0.000165639
2.530000	0.00016554
2.532000	0.00016547
2.534000	0.000165428
2.536000	0.000165412
2.538000	0.000165421
2.540000	0.000165453
2.542000	0.000165508
2.544000	0.000165584
2.546000	0.00016568
2.548000	0.000165793
2.550000	0.000165924
2.552000	0.00016607
2.554000	0.000166229
2.556000	0.000166401
2.558000	0.000166585
2.560000	0.000166778
2.562000	0.000166979
2.564000	0.000167187
2.566000	0.000167401
2.568000	0.000167618
2.570000	0.000167838
2.572000	0.00016806
2.574000	0.000168281
2.576000	0.000168501
2.578000	0.000168718
2.580000	0.000168931
2.582000	0.000169138
2.584000	0.000169339
2.586000	0.000169532
2.588000	0.000169715
2.590000	0.000169889
2.592000	0.00017005
2.594000	0.000170199
2.596000	0.000170335
2.598000	0.000170455
2.600000	0.00017056
2.602000	0.000170647
2.604000	0.000170717
2.606000	0.000170768
2.608000	0.000170799
2.610000	0.00017081
2.612000	0.0001708
2.614000	0.000170767
2.616000	0.000170712
2.618000	0.000170633
2.620000	0.00017053
2.622000	0.000170402
2.624000	0.000170248
2.626000	0.000170069
2.628000	0.000169864
2.630000	0.000169632
2.632000	0.000169373
2.634000	0.000169086
2.636000	0.000168772
2.638000	0.00016843
2.640000	0.00016806
2.642000	0.000167661
2.644000	0.000167234
2.646000	0.000166779
2.648000	0.000166295
2.650000	0.000165783
2.652000	0.000165243
2.654000	0.000164675
2.656000	0.000164078
2.658000	0.000163454
2.660000	0.000162802
2.662000	0.000162123
2.664000	0.000161417
2.666000	0.000160685
2.668000	0.000159926
2.670000	0.000159142
2.672000	0.000158333
2.674000	0.000157499
2.676000	0.00015664
2.678000	0.000155759
2.680000	0.000154854
2.682000	0.000153928
2.684000	0.00015298
2.686000	0.000152011
2.688000	0.000151022
2.690000	0.000150014
2.692000	0.000148987
2.694000	0.000147943
2.696000	0.000146882
2.698000	0.000145805
2.700000	0.000144713
2.702000	0.000143607
2.704000	0.000142487
2.706000	0.000141356
2.708000	0.000140213
2.710000	0.000139059
2.712000	0.000137897
2.714000	0.000136726
2.716000	0.000135547
2.718000	0.000134362
2.720000	0.000133172
2.722000	0.000131978
2.724000	0.00013078
2.726000	0.000129579
2.728000	0.000128378
2.730000	0.000127176
2.732000	0.000125975
2.734000	0.000124775
2.736000	0.000123578
2.738000	0.000122385
2.740000	0.000121196
2.742000	0.000120013
2.744000	0.000118836
2.746000	0.000117667
2.748000	0.000116507
2.750000	0.000115356
2.752000	0.000114215
2.754000	0.000113085
2.756000	0.000111967
2.758000	0.000110861
2.760000	0.00010977
2.762000	0.000108693
2.764000	0.000107631
2.766000	0.000106585
2.768000	0.000105555
2.770000	0.000104543
2.772000	0.000103549
2.774000	0.000102573
2.776000	0.000101617
2.778000	0.000100681
2.780000	9.97649e-005
2.782000	9.88699e-005
2.784000	9.79962e-005
2.786000	9.71444e-005
2.788000	9.63149e-005
2.790000	9.55081e-005
2.792000	9.47243e-005
2.794000	9.3964e-005
2.796000	9.32273e-005
2.798000	9.25146e-005
2.800000	9.1826e-005
2.802000	9.11619e-005
2.804000	9.05223e-005
2.806000	8.99074e-005
2.808000	8.93173e-005
2.810000	8.8752e-005
2.812000	8.82116e-005
2.814000	8.76961e-005
2.816000	8.72055e-005
2.818000	8.67396e-005
2.820000	8.62984e-005
2.822000	8.58818e-005
2.824000	8.54895e-005
2.826000	8.51215e-005
2.828000	8.47774e-005
2.830000	8.44571e-005
2.832000	8.41602e-005
2.834000	8.38865e-005
2.836000	8.36355e-005
2.838000	8.3407e-005
2.840000	8.32005e-005
2.842000	8.30156e-005
2.844000	8.28519e-005
2.846000	8.27089e-005
2.848000	8.25861e-005
2.850000	8.2483e-005
2.852000	8.23991e-005
2.854000	8.23337e-005
2.856000	8.22864e-005
2.858000	8.22565e-005
2.860000	8.22433e-005
2.862000	8.22464e-005
2.864000	8.22649e-005
2.866000	8.22984e-005
2.868000	8.23459e-005
2.870000	8.2407e-005
2.872000	8.24809e-005
2.874000	8.25668e-005
2.876000	8.2664e-005
2.878000	8.27719e-005
2.880000	8.28896e-005
2.882000	8.30164e-005
2.884000	8.31516e-005
2.886000	8.32944e-005
2.888000	8.34441e-005
2.890000	8.35998e-005
2.892000	8.37609e-005
2.894000	8.39265e-005
2.896000	8.40958e-005
2.898000	8.42683e-005
2.900000	8.44429e-005
2.902000	8.46191e-005
2.904000	8.47961e-005
2.906000	8.49731e-005
2.908000	8.51493e-005
2.910000	8.53242e-005
2.912000	8.54969e-005
2.914000	8.56667e-005
2.916000	8.58329e-005
2.918000	8.59949e-005
2.920000	8.6152e-005
2.922000	8.63035e-005
2.924000	8.64488e-005
2.926000	8.65872e-005
2.928000	8.67182e-005
2.930000	8.68411e-005
2.932000	8.69554e-005
2.934000	8.70605e-005
2.936000	8.71558e-005
2.938000	8.72409e-005
2.940000	8.73153e-005
2.942000	8.73783e-005
2.944000	8.74297e-005
2.946000	8.74689e-005
2.948000	8.74956e-005
2.950000	8.75093e-005
2.952000	8.75097e-005
2.954000	8.74965e-005
2.956000	8.74692e-005
2.958000	8.74276e-005
2.960000	8.73715e-005
2.962000	8.73005e-005
2.964000	8.72145e-005
2.966000	8.71132e-005
2.968000	8.69966e-005
2.970000	8.68643e-005
2.972000	8.67163e-005
2.974000	8.65525e-005
2.976000	8.63728e-005
2.978000	8.61771e-005
2.980000	8.59655e-005
2.982000	8.57379e-005
2.984000	8.54943e-005
2.986000	8.52348e-005
2.988000	8.49595e-005
2.990000	8.46684e-005
2.992000	8.43616e-005
2.994000	8.40394e-005
2.996000	8.37018e-005
2.998000	8.33491e-005
3.000000	8.29813e-005
3.002000	8.25989e-005
3.004000	8.2202e-005
3.006000	8.17908e-005
3.008000	8.13658e-005
3.010000	8.09271e-005
3.012000	8.04751e-005
3.014000	8.00102e-005
3.016000	7.95326e-005
3.018000	7.90429e-005
3.020000	7.85413e-005
3.022000	7.80284e-005
3.024000	7.75044e-005
3.026000	7.69699e-005
3.028000	7.64253e-005
3.030000	7.58711e-005
3.032000	7.53077e-005
3.034000	7.47357e-005
3.036000	7.41555e-005
3.038000	7.35677e-005
3.040000	7.29727e-005
3.042000	7.23711e-005
3.044000	7.17635e-005
3.046000	7.11503e-005
3.048000	7.05321e-005
3.050000	6.99095e-005
3.052000	6.9283e-005
3.054000	6.86531e-005
3.056000	6.80205e-005
3.058000	6.73857e-005
3.060000	6.67492e-005
3.062000	6.61117e-005
3.064000	6.54737e-005
3.066000	6.48356e-005
3.068000	6.41982e-005
3.070000	6.35619e-005
3.072000	6.29274e-005
3.074000	6.22951e-005
3.076000	6.16655e-005
3.078000	6.10393e-005
3.080000	6.0417e-005
3.082000	5.9799e-005
3.084000	5.91859e-005
3.086000	5.85782e-005
3.088000	5.79763e-005
3.090000	5.73808e-005
3.092000	5.67922e-005
3.094000	5.62109e-005
3.096000	5.56373e-005
3.098000	5.50718e-005
3.100000	5.4515e-005
3.102000	5.39672e-005
3.104000	5.34288e-005
3.106000	5.29002e-005
3.108000	5.23817e-005
3.110000	5.18738e-005
3.112000	5.13767e-005
3.114000	5.08907e-005
3.116000	5.04162e-005
3.118000	4.99535e-005
3.120000	4.95028e-005
3.122000	4.90643e-005
3.124000	4.86384e-005
3.126000	4.82251e-005
3.128000	4.78248e-005
3.130000	4.74375e-005
3.132000	4.70635e-005
3.134000	4.67029e-005
3.136000	4.63558e-005
3.138000	4.60224e-005
3.140000	4.57026e-005
3.142000	4.53966e-005
3.144000	4.51045e-005
3.146000	4.48261e-005
3.148000	4.45617e-005
3.150000	4.43111e-005
3.152000	4.40744e-005
3.154000	4.38514e-005
3.156000	4.36422e-005
3.158000	4.34466e-005
3.160000	4.32646e-005
3.162000	4.3096e-005
3.164000	4.29408e-005
3.166000	4.27987e-005
3.168000	4.26696e-005
3.170000	4.25533e-005
3.172000	4.24497e-005
3.174000	4.23584e-005
3.176000	4.22794e-005
3.178000	4.22123e-005
3.180000	4.2157e-005
3.182000	4.2113e-005
3.184000	4.20802e-005
3.186000	4.20583e-005
3.188000	4.20469e-005
3.190000	4.20457e-005
3.192000	4.20544e-005
3.194000	4.20727e-005
3.196000	4.21003e-005
3.198000	4.21366e-005
3.200000	4.21815e-005
3.202000	4.22345e-005
3.204000	4.22951e-005
3.206000	4.23632e-005
3.208000	4.24381e-005
3.210000	4.25196e-005
3.212000	4.26072e-005
3.214000	4.27005e-005
3.216000	4.27991e-005
3.218000	4.29025e-005
3.220000	4.30104e-005
3.222000	4.31223e-005
3.224000	4.32377e-005
3.226000	4.33563e-005
3.228000	4.34776e-005
3.230000	4.36012e-005
3.232000	4.37266e-005
3.234000	4.38534e-005
3.236000	4.39812e-005
3.238000	4.41096e-005
3.240000	4.42381e-005
3.242000	4.43663e-005
3.244000	4.44938e-005
3.246000	4.46202e-005
3.248000	4.47451e-005
3.250000	4.4868e-005
3.252000	4.49887e-005
3.254000	4.51066e-005
3.256000	4.52215e-005
3.258000	4.53328e-005
3.260000	4.54404e-005
3.262000	4.55438e-005
3.264000	4.56426e-005
3.266000	4.57366e-005
3.268000	4.58254e-005
3.270000	4.59087e-005
3.272000	4.59862e-005
3.274000	4.60576e-005
3.276000	4.61225e-005
3.278000	4.61808e-005
3.280000	4.62322e-005
3.282000	4.62764e-005
3.284000	4.63132e-005
3.286000	4.63423e-005
3.288000	4.63636e-005
3.290000	4.63769e-005
3.292000	4.63819e-005
3.294000	4.63785e-005
3.296000	4.63665e-005
3.298000	4.63459e-005
3.300000	4.63164e-005
3.302000	4.6278e-005
3.304000	4.62306e-005
3.306000	4.6174e-005
3.308000	4.61082e-005
3.310000	4.60332e-005
3.312000	4.59488e-005
3.314000	4.58551e-005
3.316000	4.57521e-005
3.318000	4.56397e-005
3.320000	4.5518e-005
3.322000	4.53869e-005
3.324000	4.52466e-005
3.326000	4.50971e-005
3.328000	4.49384e-005
3.330000	4.47707e-005
3.332000	4.45939e-005
3.334000	4.44083e-005
3.336000	4.42139e-005
3.338000	4.40109e-005
3.340000	4.37994e-005
3.342000	4.35796e-005
3.344000	4.33516e-005
3.346000	4.31156e-005
3.348000	4.28718e-005
3.350000	4.26204e-005
3.352000	4.23616e-005
3.354000	4.20957e-005
3.356000	4.18228e-005
3.358000	4.15431e-005
3.360000	4.1257e-005
3.362000	4.09647e-005
3.364000	4.06664e-005
3.366000	4.03624e-005
3.368000	4.00531e-005
3.370000	3.97385e-005
3.372000	3.94192e-005
3.374000	3.90953e-005
3.376000	3.87671e-005
3.378000	3.8435e-005
3.380000	3.80993e-005
3.382000	3.77602e-005
3.384000	3.74182e-005
3.386000	3.70734e-005
3.388000	3.67263e-005
3.390000	3.63771e-005
3.392000	3.60262e-005
3.394000	3.56739e-005
3.396000	3.53205e-005
3.398000	3.49664e-005
3.400000	3.46118e-005
3.402000	3.42572e-005
3.404000	3.39028e-005
3.406000	3.3549e-005
3.408000	3.3196e-005
3.410000	3.28442e-005
3.412000	3.24939e-005
3.414000	3.21455e-005
3.416000	3.17991e-005
3.418000	3.14552e-005
3.420000	3.1114e-005
3.422000	3.07758e-005
3.424000	3.0441e-005
3.426000	3.01097e-005
3.428000	2.97823e-005
3.430000	2.94591e-005
3.432000	2.91402e-005
3.434000	2.8826e-005
3.436000	2.85167e-005
3.438000	2.82125e-005
3.440000	2.79137e-005
3.442000	2.76206e-005
3.444000	2.73332e-005
3.446000	2.70519e-005
3.448000	2.67768e-005
3.450000	2.65081e-005
3.452000	2.6246e-005
3.454000	2.59907e-005
3.456000	2.57422e-005
3.458000	2.55009e-005
3.460000	2.52668e-005
3.462000	2.504e-005
3.464000	2.48206e-005
3.466000	2.46089e-005
3.468000	2.44048e-005
3.470000	2.42084e-005
3.472000	2.40199e-005
3.474000	2.38393e-005
3.476000	2.36666e-005
3.478000	2.35019e-005
3.480000	2.33452e-005
3.482000	2.31966e-005
3.484000	2.3056e-005
3.486000	2.29235e-005
3.488000	2.27991e-005
3.490000	2.26826e-005
3.492000	2.25742e-005
3.494000	2.24737e-005
3.496000	2.23811e-005
3.498000	2.22964e-005
3.500000	2.22194e-005
3.502000	2.21501e-005
3.504000	2.20884e-005
3.506000	2.20342e-005
3.508000	2.19874e-005
3.510000	2.19478e-005
3.512000	2.19154e-005
3.514000	2.189e-005
3.516000	2.18714e-005
3.518000	2.18596e-005
3.520000	2.18542e-005
3.522000	2.18553e-005
3.524000	2.18625e-005
3.526000	2.18758e-005
3.528000	2.18949e-005
3.530000	2.19196e-005
3.532000	2.19497e-005
3.534000	2.1985e-005
3.536000	2.20253e-005
3.538000	2.20705e-005
3.540000	2.21201e-005
3.542000	2.21742e-005
3.544000	2.22323e-005
3.546000	2.22942e-005
3.548000	2.23598e-005
3.550000	2.24288e-005
3.552000	2.25009e-005
3.554000	2.25759e-005
3.556000	2.26535e-005
3.558000	2.27335e-005
3.560000	2.28157e-005
3.562000	2.28997e-005
3.564000	2.29854e-005
3.566000	2.30724e-005
3.568000	2.31605e-005
3.570000	2.32495e-005
3.572000	2.33391e-005
3.574000	2.34291e-005
3.576000	2.35192e-005
3.578000	2.36091e-005
3.580000	2.36986e-005
3.582000	2.37876e-005
3.584000	2.38756e-005
3.586000	2.39625e-005
3.588000	2.40481e-005
3.590000	2.41321e-005
3.592000	2.42143e-005
3.594000	2.42945e-005
3.596000	2.43724e-005
3.598000	2.44479e-005
3.600000	2.45207e-005
3.602000	2.45906e-005
3.604000	2.46575e-005
3.606000	2.47211e-005
3.608000	2.47813e-005
3.610000	2.48378e-005
3.612000	2.48906e-005
3.614000	2.49394e-005
3.616000	2.49841e-005
3.618000	2.50246e-005
3.620000	2.50606e-005
3.622000	2.50921e-005
3.624000	2.51189e-005
3.626000	2.51409e-005
3.628000	2.5158e-005
3.630000	2.51701e-005
3.632000	2.51771e-005
3.634000	2.51788e-005
3.636000	2.51753e-005
3.638000	2.51665e-005
3.640000	2.51522e-005
3.642000	2.51324e-005
3.644000	2.51071e-005
3.646000	2.50763e-005
3.648000	2.50399e-005
3.650000	2.49978e-005
3.652000	2.49501e-005
3.654000	2.48968e-005
3.656000	2.48378e-005
3.658000	2.47733e-005
3.660000	2.47031e-005
3.662000	2.46273e-005
3.664000	2.4546e-005
3.666000	2.44591e-005
3.668000	2.43669e-005
3.670000	2.42692e-005
3.672000	2.41662e-005
3.674000	2.40579e-005
3.676000	2.39445e-005
3.678000	2.38259e-005
3.680000	2.37024e-005
3.682000	2.3574e-005
3.684000	2.34408e-005
3.686000	2.33029e-005
3.688000	2.31605e-005
3.690000	2.30136e-005
3.692000	2.28624e-005
3.694000	2.27071e-005
3.696000	2.25478e-005
3.698000	2.23846e-005
3.700000	2.22176e-005
3.702000	2.20472e-005
3.704000	2.18733e-005
3.706000	2.16962e-005
3.708000	2.1516e-005
3.710000	2.13329e-005
3.712000	2.11471e-005
3.714000	2.09588e-005
3.716000	2.07682e-005
3.718000	2.05754e-005
3.720000	2.03805e-005
3.722000	2.0184e-005
3.724000	1.99858e-005
3.726000	1.97862e-005
3.728000	1.95854e-005
3.730000	1.93835e-005
3.732000	1.91809e-005
3.734000	1.89776e-005
3.736000	1.87739e-005
3.738000	1.85699e-005
3.740000	1.8366e-005
3.742000	1.81621e-005
3.744000	1.79586e-005
3.746000	1.77557e-005
3.748000	1.75534e-005
3.750000	1.73521e-005
3.752000	1.71519e-005
3.754000	1.6953e-005
3.756000	1.67555e-005
3.758000	1.65597e-005
3.760000	1.63657e-005
3.762000	1.61737e-005
3.764000	1.59839e-005
3.766000	1.57964e-005
3.768000	1.56114e-005
3.770000	1.5429e-005
3.772000	1.52494e-005
3.774000	1.50728e-005
3.776000	1.48993e-005
3.778000	1.4729e-005
3.780000	1.45621e-005
3.782000	1.43986e-005
3.784000	1.42388e-005
3.786000	1.40827e-005
3.788000	1.39305e-005
3.790000	1.37823e-005
3.792000	1.3638e-005
3.794000	1.3498e-005
3.796000	1.33622e-005
3.798000	1.32307e-005
3.800000	1.31036e-005
3.802000	1.2981e-005
3.804000	1.2863e-005
3.806000	1.27495e-005
3.808000	1.26407e-005
3.810000	1.25366e-005
3.812000	1.24372e-005
3.814000	1.23426e-005
3.816000	1.22528e-005
3.818000	1.21677e-005
3.820000	1.20876e-005
3.822000	1.20122e-005
3.824000	1.19417e-005
3.826000	1.1876e-005
3.828000	1.18151e-005
3.830000	1.1759e-005
3.832000	1.17077e-005
3.834000	1.16611e-005
3.836000	1.16192e-005
3.838000	1.15819e-005
3.840000	1.15493e-005
3.842000	1.15212e-005
3.844000	1.14976e-005
3.846000	1.14784e-005
3.848000	1.14636e-005
3.850000	1.14531e-005
3.852000	1.14467e-005
3.854000	1.14445e-005
3.856000	1.14462e-005
3.858000	1.14519e-005
3.860000	1.14613e-005
3.862000	1.14745e-005
3.864000	1.14913e-005
3.866000	1.15116e-005
3.868000	1.15352e-005
3.870000	1.1562e-005
3.872000	1.1592e-005
3.874000	1.16249e-005
3.876000	1.16607e-005
3.878000	1.16992e-005
3.880000	1.17403e-005
3.882000	1.17839e-005
3.884000	1.18297e-005
3.886000	1.18777e-005
3.888000	1.19277e-005
3.890000	1.19795e-005
3.892000	1.2033e-005
3.894000	1.20881e-005
3.896000	1.21446e-005
3.898000	1.22024e-005
3.900000	1.22612e-005
3.902000	1.2321e-005
3.904000	1.23816e-005
3.906000	1.24428e-005
3.908000	1.25045e-005
3.910000	1.25665e-005
3.912000	1.26287e-005
3.914000	1.2691e-005
3.916000	1.27531e-005
3.918000	1.28149e-005
3.920000	1.28763e-005
3.922000	1.29371e-005
3.924000	1.29972e-005
3.926000	1.30564e-005
3.928000	1.31147e-005
3.930000	1.31718e-005
3.932000	1.32276e-005
3.934000	1.32821e-005
3.936000	1.3335e-005
3.938000	1.33862e-005
3.940000	1.34357e-005
3.942000	1.34833e-005
3.944000	1.35288e-005
3.946000	1.35722e-005
3.948000	1.36134e-005
3.950000	1.36522e-005
3.952000	1.36886e-005
3.954000	1.37225e-005
3.956000	1.37537e-005
3.958000	1.37822e-005
3.960000	1.38079e-005
3.962000	1.38307e-005
3.964000	1.38506e-005
3.966000	1.38674e-005
3.968000	1.38811e-005
3.970000	1.38917e-005
3.972000	1.38991e-005
3.974000	1.39032e-005
3.976000	1.39041e-005
3.978000	1.39015e-005
3.980000	1.38957e-005
3.982000	1.38864e-005
3.984000	1.38736e-005
3.986000	1.38575e-005
3.988000	1.38378e-005
3.990000	1.38147e-005
3.992000	1.37882e-005
3.994000	1.37581e-005
3.996000	1.37246e-005
3.998000	1.36876e-005
4.000000	1.36472e-005
4.002000	1.36033e-005
4.004000	1.3556e-005
4.006000	1.35054e-005
4.008000	1.34515e-005
4.010000	1.33942e-005
4.012000	1.33337e-005
4.014000	1.327e-005
4.016000	1.32032e-005
4.018000	1.31332e-005
4.020000	1.30602e-005
4.022000	1.29843e-005
4.024000	1.29055e-005
4.026000	1.28238e-005
4.028000	1.27394e-005
4.030000	1.26523e-005
4.032000	1.25626e-005
4.034000	1.24705e-005
4.036000	1.23759e-005
4.038000	1.2279e-005
4.040000	1.21799e-005
4.042000	1.20786e-005
4.044000	1.19754e-005
4.046000	1.18702e-005
4.048000	1.17632e-005
4.050000	1.16545e-005
4.052000	1.15443e-005
4.054000	1.14325e-005
4.056000	1.13194e-005
4.058000	1.1205e-005
4.060000	1.10894e-005
4.062000	1.09729e-005
4.064000	1.08554e-005
4.066000	1.07372e-005
4.068000	1.06183e-005
4.070000	1.04988e-005
4.072000	1.03789e-005
4.074000	1.02587e-005
4.076000	1.01383e-005
4.078000	1.00179e-005
4.080000	9.89747e-006
4.082000	9.77724e-006
4.084000	9.65728e-006
4.086000	9.53774e-006
4.088000	9.41871e-006
4.090000	9.30032e-006
4.092000	9.18267e-006
4.094000	9.06589e-006
4.096000	8.95007e-006
4.098000	8.83534e-006
4.100000	8.72178e-006
4.102000	8.60952e-006
4.104000	8.49865e-006
4.106000	8.38927e-006
4.108000	8.28148e-006
4.110000	8.17537e-006
4.112000	8.07105e-006
4.114000	7.96858e-006
4.116000	7.86807e-006
4.118000	7.76959e-006
4.120000	7.67323e-006
4.122000	7.57907e-006
4.124000	7.48717e-006
4.126000	7.39761e-006
4.128000	7.31045e-006
4.130000	7.22576e-006
4.132000	7.1436e-006
4.134000	7.06403e-006
4.136000	6.98709e-006
4.138000	6.91284e-006
4.140000	6.84131e-006
4.142000	6.77256e-006
4.144000	6.70662e-006
4.146000	6.64352e-006
4.148000	6.5833e-006
4.150000	6.52597e-006
4.152000	6.47156e-006
4.154000	6.42008e-006
4.156000	6.37155e-006
4.158000	6.32598e-006
4.160000	6.28338e-006
4.162000	6.24374e-006
4.164000	6.20706e-006
4.166000	6.17334e-006
4.168000	6.14257e-006
4.170000	6.11473e-006
4.172000	6.0898e-006
4.174000	6.06776e-006
4.176000	6.0486e-006
4.178000	6.03226e-006
4.180000	6.01874e-006
4.182000	6.00798e-006
4.184000	5.99995e-006
4.186000	5.99461e-006
4.188000	5.9919e-006
4.190000	5.99179e-006
4.192000	5.99421e-006
4.194000	5.99911e-006
4.196000	6.00644e-006
4.198000	6.01612e-006
4.200000	6.0281e-006
4.202000	6.04231e-006
4.204000	6.05868e-006
4.206000	6.07713e-006
4.208000	6.0976e-006
4.210000	6.12e-006
4.212000	6.14426e-006
4.214000	6.17029e-006
4.216000	6.19802e-006
4.218000	6.22735e-006
4.220000	6.25821e-006
4.222000	6.29051e-006
4.224000	6.32415e-006
4.226000	6.35904e-006
4.228000	6.3951e-006
4.230000	6.43223e-006
4.232000	6.47034e-006
4.234000	6.50934e-006
4.236000	6.54913e-006
4.238000	6.58962e-006
4.240000	6.63071e-006
4.242000	6.6723e-006
4.244000	6.71431e-006
4.246000	6.75663e-006
4.248000	6.79917e-006
4.250000	6.84184e-006
4.252000	6.88454e-006
4.254000	6.92718e-006
4.256000	6.96967e-006
4.258000	7.01191e-006
4.260000	7.05382e-006
4.262000	7.09529e-006
4.264000	7.13626e-006
4.266000	7.17662e-006
4.268000	7.21629e-006
4.270000	7.25519e-006
4.272000	7.29323e-006
4.274000	7.33033e-006
4.276000	7.36642e-006
4.278000	7.40142e-006
4.280000	7.43524e-006
4.282000	7.46783e-006
4.284000	7.4991e-006
4.286000	7.529e-006
4.288000	7.55745e-006
4.290000	7.58438e-006
4.292000	7.60975e-006
4.294000	7.63348e-006
4.296000	7.65554e-006
4.298000	7.67585e-006
4.300000	7.69437e-006
4.302000	7.71106e-006
4.304000	7.72587e-006
4.306000	7.73875e-006
4.308000	7.74968e-006
4.310000	7.75861e-006
4.312000	7.76551e-006
4.314000	7.77035e-006
4.316000	7.77311e-006
4.318000	7.77377e-006
4.320000	7.77229e-006
4.322000	7.76867e-006
4.324000	7.76289e-006
4.326000	7.75495e-006
4.328000	7.74483e-006
4.330000	7.73253e-006
4.332000	7.71805e-006
4.334000	7.70138e-006
4.336000	7.68255e-006
4.338000	7.66155e-006
4.340000	7.63839e-006
4.342000	7.6131e-006
4.344000	7.58568e-006
4.346000	7.55615e-006
4.348000	7.52455e-006
4.350000	7.49089e-006
4.352000	7.4552e-006
4.354000	7.41752e-006
4.356000	7.37788e-006
4.358000	7.33632e-006
4.360000	7.29287e-006
4.362000	7.24758e-006
4.364000	7.20049e-006
4.366000	7.15164e-006
4.368000	7.10109e-006
4.370000	7.04889e-006
4.372000	6.99509e-006
4.374000	6.93974e-006
4.376000	6.88291e-006
4.378000	6.82464e-006
4.380000	6.765e-006
4.382000	6.70406e-006
4.384000	6.64187e-006
4.386000	6.57851e-006
4.388000	6.51403e-006
4.390000	6.4485e-006
4.392000	6.38201e-006
4.394000	6.3146e-006
4.396000	6.24636e-006
4.398000	6.17736e-006
4.400000	6.10767e-006
4.402000	6.03736e-006
4.404000	5.9665e-006
4.406000	5.89518e-006
4.408000	5.82346e-006
4.410000	5.75143e-006
4.412000	5.67914e-006
4.414000	5.60669e-006
4.416000	5.53414e-006
4.418000	5.46157e-006
4.420000	5.38905e-006
4.422000	5.31666e-006
4.424000	5.24447e-006
4.426000	5.17255e-006
4.428000	5.10098e-006
4.430000	5.02983e-006
4.432000	4.95916e-006
4.434000	4.88905e-006
4.436000	4.81957e-006
4.438000	4.75078e-006
4.440000	4.68275e-006
4.442000	4.61554e-006
4.444000	4.54922e-006
4.446000	4.48385e-006
4.448000	4.41949e-006
4.450000	4.3562e-006
4.452000	4.29403e-006
4.454000	4.23305e-006
4.456000	4.1733e-006
4.458000	4.11484e-006
4.460000	4.05771e-006
4.462000	4.00196e-006
4.464000	3.94765e-006
4.466000	3.8948e-006
4.468000	3.84347e-006
4.470000	3.7937e-006
4.472000	3.74551e-006
4.474000	3.69894e-006
4.476000	3.65403e-006
4.478000	3.61081e-006
4.480000	3.5693e-006
4.482000	3.52953e-006
4.484000	3.49152e-006
4.486000	3.45529e-006
4.488000	3.42085e-006
4.490000	3.38823e-006
4.492000	3.35744e-006
4.494000	3.32848e-006
4.496000	3.30137e-006
4.498000	3.2761e-006
4.500000	3.25269e-006
4.502000	3.23112e-006
4.504000	3.21141e-006
4.506000	3.19354e-006
4.508000	3.17751e-006
4.510000	3.1633e-006
4.512000	3.15091e-006
4.514000	3.14033e-006
4.516000	3.13153e-006
4.518000	3.12449e-006
4.520000	3.1192e-006
4.522000	3.11563e-006
4.524000	3.11375e-006
4.526000	3.11355e-006
4.528000	3.11498e-006
4.530000	3.11802e-006
4.532000	3.12263e-006
4.534000	3.12878e-006
4.536000	3.13643e-006
4.538000	3.14554e-006
4.540000	3.15607e-006
4.542000	3.16798e-006
4.544000	3.18122e-006
4.546000	3.19575e-006
4.548000	3.21152e-006
4.550000	3.22849e-006
4.552000	3.24659e-006
4.554000	3.26579e-006
4.556000	3.28602e-006
4.558000	3.30724e-006
4.560000	3.32939e-006
4.562000	3.35242e-006
4.564000	3.37627e-006
4.566000	3.40088e-006
4.568000	3.4262e-006
4.570000	3.45216e-006
4.572000	3.47872e-006
4.574000	3.5058e-006
4.576000	3.53336e-006
4.578000	3.56133e-006
4.580000	3.58965e-006
4.582000	3.61826e-006
4.584000	3.64711e-006
4.586000	3.67613e-006
4.588000	3.70526e-006
4.590000	3.73444e-006
4.592000	3.76362e-006
4.594000	3.79274e-006
4.596000	3.82173e-006
4.598000	3.85054e-006
4.600000	3.87912e-006
4.602000	3.9074e-006
4.604000	3.93533e-006
4.606000	3.96286e-006
4.608000	3.98993e-006
4.610000	4.0165e-006
4.612000	4.04249e-006
4.614000	4.06788e-006
4.616000	4.0926e-006
4.618000	4.11662e-006
4.620000	4.13987e-006
4.622000	4.16232e-006
4.624000	4.18393e-006
4.626000	4.20464e-006
4.628000	4.22442e-006
4.630000	4.24324e-006
4.632000	4.26104e-006
4.634000	4.27779e-006
4.636000	4.29347e-006
4.638000	4.30803e-006
4.640000	4.32145e-006
4.642000	4.3337e-006
4.644000	4.34474e-006
4.646000	4.35455e-006
4.648000	4.36312e-006
4.650000	4.37041e-006
4.652000	4.3764e-006
4.654000	4.38109e-006
4.656000	4.38444e-006
4.658000	4.38646e-006
4.660000	4.38712e-006
4.662000	4.38642e-006
4.664000	4.38434e-006
4.666000	4.38089e-006
4.668000	4.37605e-006
4.670000	4.36983e-006
4.672000	4.36222e-006
4.674000	4.35323e-006
4.676000	4.34285e-006
4.678000	4.3311e-006
4.680000	4.31799e-006
4.682000	4.30351e-006
4.684000	4.28769e-006
4.686000	4.27053e-006
4.688000	4.25205e-006
4.690000	4.23227e-006
4.692000	4.21121e-006
4.694000	4.18888e-006
4.696000	4.16531e-006
4.698000	4.14052e-006
4.700000	4.11454e-006
4.702000	4.08738e-006
4.704000	4.05909e-006
4.706000	4.02969e-006
4.708000	3.99921e-006
4.710000	3.96768e-006
4.712000	3.93513e-006
4.714000	3.90161e-006
4.716000	3.86715e-006
4.718000	3.83178e-006
4.720000	3.79555e-006
4.722000	3.75849e-006
4.724000	3.72064e-006
4.726000	3.68205e-006
4.728000	3.64275e-006
4.730000	3.60279e-006
4.732000	3.56221e-006
4.734000	3.52107e-006
4.736000	3.47939e-006
4.738000	3.43723e-006
4.740000	3.39464e-006
4.742000	3.35166e-006
4.744000	3.30833e-006
4.746000	3.26471e-006
4.748000	3.22084e-006
4.750000	3.17676e-006
4.752000	3.13253e-006
4.754000	3.0882e-006
4.756000	3.0438e-006
4.758000	2.9994e-006
4.760000	2.95502e-006
4.762000	2.91073e-006
4.764000	2.86657e-006
4.766000	2.82258e-006
4.768000	2.77881e-006
4.770000	2.7353e-006
4.772000	2.6921e-006
4.774000	2.64926e-006
4.776000	2.60681e-006
4.778000	2.56481e-006
4.780000	2.52328e-006
4.782000	2.48228e-006
4.784000	2.44183e-006
4.786000	2.40199e-006
4.788000	2.36279e-006
4.790000	2.32427e-006
4.792000	2.28646e-006
4.794000	2.24939e-006
4.796000	2.21311e-006
4.798000	2.17764e-006
4.800000	2.14302e-006
4.802000	2.10927e-006
4.804000	2.07643e-006
4.806000	2.04452e-006
4.808000	2.01357e-006
4.810000	1.9836e-006
4.812000	1.95464e-006
4.814000	1.9267e-006
4.816000	1.89981e-006
4.818000	1.87399e-006
4.820000	1.84925e-006
4.822000	1.82561e-006
4.824000	1.80309e-006
4.826000	1.78169e-006
4.828000	1.76143e-006
4.830000	1.74232e-006
4.832000	1.72436e-006
4.834000	1.70757e-006
4.836000	1.69194e-006
4.838000	1.67748e-006
4.840000	1.66419e-006
4.842000	1.65207e-006
4.844000	1.64112e-006
4.846000	1.63134e-006
4.848000	1.62272e-006
4.850000	1.61525e-006
4.852000	1.60894e-006
4.854000	1.60376e-006
4.856000	1.59971e-006
4.858000	1.59678e-006
4.860000	1.59495e-006
4.862000	1.59421e-006
4.864000	1.59454e-006
4.866000	1.59593e-006
4.868000	1.59835e-006
4.870000	1.60179e-006
4.872000	1.60622e-006
4.874000	1.61162e-006
4.876000	1.61797e-006
4.878000	1.62525e-006
4.880000	1.63342e-006
4.882000	1.64246e-006
4.884000	1.65234e-006
4.886000	1.66303e-006
4.888000	1.67451e-006
4.890000	1.68674e-006
4.892000	1.69969e-006
4.894000	1.71333e-006
4.896000	1.72762e-006
4.898000	1.74253e-006
4.900000	1.75803e-006
4.902000	1.77408e-006
4.904000	1.79065e-006
4.906000	1.8077e-006
4.908000	1.82519e-006
4.910000	1.84308e-006
4.912000	1.86135e-006
4.914000	1.87995e-006
4.916000	1.89884e-006
4.918000	1.91799e-006
4.920000	1.93736e-006
4.922000	1.9569e-006
4.924000	1.97659e-006
4.926000	1.99639e-006
4.928000	2.01625e-006
4.930000	2.03614e-006
4.932000	2.05602e-006
4.934000	2.07585e-006
4.936000	2.0956e-006
4.938000	2.11523e-006
4.940000	2.1347e-006
4.942000	2.15399e-006
4.944000	2.17304e-006
4.946000	2.19183e-006
4.948000	2.21033e-006
4.950000	2.2285e-006
4.952000	2.2463e-006
4.954000	2.26371e-006
4.956000	2.28069e-006
4.958000	2.29721e-006
4.960000	2.31325e-006
4.962000	2.32877e-006
4.964000	2.34374e-006
4.966000	2.35814e-006
4.968000	2.37195e-006
4.970000	2.38513e-006
4.972000	2.39766e-006
4.974000	2.40952e-006
4.976000	2.42069e-006
4.978000	2.43114e-006
4.980000	2.44086e-006
4.982000	2.44983e-006
4.984000	2.45802e-006
4.986000	2.46543e-006
4.988000	2.47204e-006
4.990000	2.47783e-006
4.992000	2.48279e-006
4.994000	2.48691e-006
4.996000	2.49018e-006
4.998000	2.49258e-006
5.000000	2.49412e-006
5.002000	2.49479e-006
5.004000	2.49457e-006
5.006000	2.49347e-006
5.008000	2.49149e-006
5.010000	2.48861e-006
5.012000	2.48485e-006
5.014000	2.4802e-006
5.016000	2.47466e-006
5.018000	2.46824e-006
5.020000	2.46094e-006
5.022000	2.45277e-006
5.024000	2.44373e-006
5.026000	2.43384e-006
5.028000	2.42311e-006
5.030000	2.41153e-006
5.032000	2.39913e-006
5.034000	2.38592e-006
5.036000	2.37191e-006
5.038000	2.35711e-006
5.040000	2.34155e-006
5.042000	2.32523e-006
5.044000	2.30819e-006
5.046000	2.29042e-006
5.048000	2.27197e-006
5.050000	2.25284e-006
5.052000	2.23305e-006
5.054000	2.21264e-006
5.056000	2.19162e-006
5.058000	2.17001e-006
5.060000	2.14785e-006
5.062000	2.12515e-006
5.064000	2.10194e-006
5.066000	2.07825e-006
5.068000	2.05411e-006
5.070000	2.02953e-006
5.072000	2.00456e-006
5.074000	1.97921e-006
5.076000	1.95353e-006
5.078000	1.92752e-006
5.080000	1.90123e-006
5.082000	1.87469e-006
5.084000	1.84792e-006
5.086000	1.82096e-006
5.088000	1.79382e-006
5.090000	1.76656e-006
5.092000	1.73919e-006
5.094000	1.71174e-006
5.096000	1.68425e-006
5.098000	1.65675e-006
5.100000	1.62926e-006
5.102000	1.60182e-006
5.104000	1.57445e-006
5.106000	1.54719e-006
5.108000	1.52006e-006
5.110000	1.49309e-006
5.112000	1.46632e-006
5.114000	1.43976e-006
5.116000	1.41346e-006
5.118000	1.38743e-006
5.120000	1.3617e-006
5.122000	1.33629e-006
5.124000	1.31125e-006
5.126000	1.28658e-006
5.128000	1.26231e-006
5.130000	1.23847e-006
5.132000	1.21509e-006
5.134000	1.19217e-006
5.136000	1.16975e-006
5.138000	1.14785e-006
5.140000	1.12648e-006
5.142000	1.10567e-006
5.144000	1.08543e-006
5.146000	1.06578e-006
5.148000	1.04674e-006
5.150000	1.02833e-006
5.152000	1.01056e-006
5.154000	9.93434e-007
5.156000	9.76979e-007
5.158000	9.61203e-007
5.160000	9.46117e-007
5.162000	9.31731e-007
5.164000	9.18055e-007
5.166000	9.05096e-007
5.168000	8.92863e-007
5.170000	8.8136e-007
5.172000	8.70595e-007
5.174000	8.6057e-007
5.176000	8.5129e-007
5.178000	8.42756e-007
5.180000	8.34969e-007
5.182000	8.27931e-007
5.184000	8.21639e-007
5.186000	8.16093e-007
5.188000	8.11289e-007
5.190000	8.07224e-007
5.192000	8.03893e-007
5.194000	8.01291e-007
5.196000	7.9941e-007
5.198000	7.98244e-007
5.200000	7.97784e-007
5.202000	7.98021e-007
5.204000	7.98944e-007
5.206000	8.00542e-007
5.208000	8.02804e-007
5.210000	8.05716e-007
5.212000	8.09266e-007
5.214000	8.13438e-007
5.216000	8.18218e-007
5.218000	8.23591e-007
5.220000	8.29538e-007
5.222000	8.36044e-007
5.224000	8.43091e-007
5.226000	8.5066e-007
5.228000	8.58731e-007
5.230000	8.67286e-007
5.232000	8.76305e-007
5.234000	8.85765e-007
5.236000	8.95648e-007
5.238000	9.0593e-007
5.240000	9.1659e-007
5.242000	9.27605e-007
5.244000	9.38954e-007
5.246000	9.50612e-007
5.248000	9.62556e-007
5.250000	9.74763e-007
5.252000	9.8721e-007
5.254000	9.99871e-007
5.256000	1.01272e-006
5.258000	1.02574e-006
5.260000	1.0389e-006
5.262000	1.05218e-006
5.264000	1.06556e-006
5.266000	1.079e-006
5.268000	1.09249e-006
5.270000	1.106e-006
5.272000	1.1195e-006
5.274000	1.13298e-006
5.276000	1.1464e-006
5.278000	1.15976e-006
5.280000	1.17301e-006
5.282000	1.18614e-006
5.284000	1.19913e-006
5.286000	1.21196e-006
5.288000	1.22459e-006
5.290000	1.23702e-006
5.292000	1.24921e-006
5.294000	1.26115e-006
5.296000	1.27282e-006
5.298000	1.2842e-006
5.300000	1.29526e-006
5.302000	1.306e-006
5.304000	1.31638e-006
5.306000	1.32641e-006
5.308000	1.33604e-006
5.310000	1.34528e-006
5.312000	1.3541e-006
5.314000	1.3625e-006
5.316000	1.37044e-006
5.318000	1.37793e-006
5.320000	1.38495e-006
5.322000	1.39149e-006
5.324000	1.39752e-006
5.326000	1.40306e-006
5.328000	1.40808e-006
5.330000	1.41257e-006
5.332000	1.41653e-006
5.334000	1.41994e-006
5.336000	1.42281e-006
5.338000	1.42513e-006
5.340000	1.42688e-006
5.342000	1.42808e-006
5.344000	1.4287e-006
5.346000	1.42875e-006
5.348000	1.42824e-006
5.350000	1.42714e-006
5.352000	1.42548e-006
5.354000	1.42324e-006
5.356000	1.42043e-006
5.358000	1.41704e-006
5.360000	1.41309e-006
5.362000	1.40858e-006
5.364000	1.40351e-006
5.366000	1.39788e-006
5.368000	1.3917e-006
5.370000	1.38498e-006
5.372000	1.37773e-006
5.374000	1.36995e-006
5.376000	1.36165e-006
5.378000	1.35284e-006
5.380000	1.34353e-006
5.382000	1.33373e-006
5.384000	1.32346e-006
5.386000	1.31272e-006
5.388000	1.30153e-006
5.390000	1.2899e-006
5.392000	1.27784e-006
5.394000	1.26537e-006
5.396000	1.2525e-006
5.398000	1.23926e-006
5.400000	1.22564e-006
5.402000	1.21168e-006
5.404000	1.19738e-006
5.406000	1.18276e-006
5.408000	1.16784e-006
5.410000	1.15264e-006
5.412000	1.13718e-006
5.414000	1.12146e-006
5.416000	1.10552e-006
5.418000	1.08937e-006
5.420000	1.07303e-006
5.422000	1.05652e-006
5.424000	1.03986e-006
5.426000	1.02306e-006
5.428000	1.00614e-006
5.430000	9.89134e-007
5.432000	9.7205e-007
5.434000	9.5491e-007
5.436000	9.37734e-007
5.438000	9.20541e-007
5.440000	9.0335e-007
5.442000	8.86181e-007
5.444000	8.69053e-007
5.446000	8.51985e-007
5.448000	8.34996e-007
5.450000	8.18104e-007
5.452000	8.01328e-007
5.454000	7.84686e-007
5.456000	7.68196e-007
5.458000	7.51876e-007
5.460000	7.35744e-007
5.462000	7.19815e-007
5.464000	7.04108e-007
5.466000	6.88638e-007
5.468000	6.73421e-007
5.470000	6.58473e-007
5.472000	6.43808e-007
5.474000	6.29442e-007
5.476000	6.15389e-007
5.478000	6.01662e-007
5.480000	5.88275e-007
5.482000	5.75239e-007
5.484000	5.62568e-007
5.486000	5.50273e-007
5.488000	5.38365e-007
5.490000	5.26854e-007
5.492000	5.15751e-007
5.494000	5.05064e-007
5.496000	4.94802e-007
5.498000	4.84973e-007
5.500000	4.75586e-007
5.502000	4.66646e-007
5.504000	4.58159e-007
5.506000	4.50133e-007
5.508000	4.4257e-007
5.510000	4.35476e-007
5.512000	4.28854e-007
5.514000	4.22708e-007
5.516000	4.17039e-007
5.518000	4.11849e-007
5.520000	4.0714e-007
5.522000	4.02911e-007
5.524000	3.99162e-007
5.526000	3.95893e-007
5.528000	3.93102e-007
5.530000	3.90787e-007
5.532000	3.88945e-007
5.534000	3.87572e-007
5.536000	3.86666e-007
5.538000	3.8622e-007
5.540000	3.86229e-007
5.542000	3.86689e-007
5.544000	3.87593e-007
5.546000	3.88933e-007
5.548000	3.90703e-007
5.550000	3.92893e-007
5.552000	3.95497e-007
5.554000	3.98504e-007
5.556000	4.01906e-007
5.558000	4.05691e-007
5.560000	4.09851e-007
5.562000	4.14373e-007
5.564000	4.19247e-007
5.566000	4.2446e-007
5.568000	4.30002e-007
5.570000	4.35858e-007
5.572000	4.42017e-007
5.574000	4.48465e-007
5.576000	4.55188e-007
5.578000	4.62174e-007
5.580000	4.69407e-007
5.582000	4.76874e-007
5.584000	4.84559e-007
5.586000	4.92449e-007
5.588000	5.00528e-007
5.590000	5.0878e-007
5.592000	5.17192e-007
5.594000	5.25747e-007
5.596000	5.3443e-007
5.598000	5.43225e-007
5.600000	5.52116e-007
5.602000	5.61089e-007
5.604000	5.70127e-007
5.606000	5.79214e-007
5.608000	5.88335e-007
5.610000	5.97474e-007
5.612000	6.06615e-007
5.614000	6.15744e-007
5.616000	6.24844e-007
5.618000	6.33901e-007
5.620000	6.42899e-007
5.622000	6.51823e-007
5.624000	6.60659e-007
5.626000	6.69392e-007
5.628000	6.78008e-007
5.630000	6.86493e-007
5.632000	6.94832e-007
5.634000	7.03012e-007
5.636000	7.11021e-007
5.638000	7.18845e-007
5.640000	7.26471e-007
5.642000	7.33887e-007
5.644000	7.41082e-007
5.646000	7.48043e-007
5.648000	7.54761e-007
5.650000	7.61223e-007
5.652000	7.67419e-007
5.654000	7.73341e-007
5.656000	7.78977e-007
5.658000	7.8432e-007
5.660000	7.8936e-007
5.662000	7.9409e-007
5.664000	7.98501e-007
5.666000	8.02588e-007
5.668000	8.06342e-007
5.670000	8.09758e-007
5.672000	8.1283e-007
5.674000	8.15554e-007
5.676000	8.17924e-007
5.678000	8.19935e-007
5.680000	8.21586e-007
5.682000	8.22872e-007
5.684000	8.23791e-007
5.686000	8.24341e-007
5.688000	8.2452e-007
5.690000	8.24328e-007
5.692000	8.23763e-007
5.694000	8.22827e-007
5.696000	8.21519e-007
5.698000	8.1984e-007
5.700000	8.17792e-007
5.702000	8.15377e-007
5.704000	8.12598e-007
5.706000	8.09458e-007
5.708000	8.0596e-007
5.710000	8.02109e-007
5.712000	7.97908e-007
5.714000	7.93362e-007
5.716000	7.88478e-007
5.718000	7.83261e-007
5.720000	7.77717e-007
5.722000	7.71853e-007
5.724000	7.65676e-007
5.726000	7.59194e-007
5.728000	7.52414e-007
5.730000	7.45345e-007
5.732000	7.37995e-007
5.734000	7.30373e-007
5.736000	7.22489e-007
5.738000	7.14352e-007
5.740000	7.05972e-007
5.742000	6.9736e-007
5.744000	6.88526e-007
5.746000	6.7948e-007
5.748000	6.70234e-007
5.750000	6.60798e-007
5.752000	6.51185e-007
5.754000	6.41406e-007
5.756000	6.31472e-007
5.758000	6.21396e-007
5.760000	6.11189e-007
5.762000	6.00864e-007
5.764000	5.90434e-007
5.766000	5.7991e-007
5.768000	5.69305e-007
5.770000	5.58632e-007
5.772000	5.47903e-007
5.774000	5.37131e-007
5.776000	5.26328e-007
5.778000	5.15507e-007
5.780000	5.04681e-007
5.782000	4.93862e-007
5.784000	4.83062e-007
5.786000	4.72294e-007
5.788000	4.6157e-007
5.790000	4.50902e-007
5.792000	4.40303e-007
5.794000	4.29783e-007
5.796000	4.19355e-007
5.798000	4.09031e-007
5.800000	3.98821e-007
5.802000	3.88737e-007
5.804000	3.7879e-007
5.806000	3.6899e-007
5.808000	3.59348e-007
5.810000	3.49874e-007
5.812000	3.40578e-007
5.814000	3.31469e-007
5.816000	3.22558e-007
5.818000	3.13851e-007
5.820000	3.0536e-007
5.822000	2.97091e-007
5.824000	2.89054e-007
5.826000	2.81254e-007
5.828000	2.73701e-007
5.830000	2.66401e-007
5.832000	2.5936e-007
5.834000	2.52585e-007
5.836000	2.46081e-007
5.838000	2.39854e-007
5.840000	2.33909e-007
5.842000	2.28251e-007
5.844000	2.22883e-007
5.846000	2.17811e-007
5.848000	2.13036e-007
5.850000	2.08562e-007
5.852000	2.04392e-007
5.854000	2.00527e-007
5.856000	1.9697e-007
5.858000	1.93722e-007
5.860000	1.90784e-007
5.862000	1.88155e-007
5.864000	1.85837e-007
5.866000	1.83829e-007
5.868000	1.8213e-007
5.870000	1.80739e-007
5.872000	1.79654e-007
5.874000	1.78873e-007
5.876000	1.78395e-007
5.878000	1.78215e-007
5.880000	1.78332e-007
5.882000	1.78741e-007
5.884000	1.79439e-007
5.886000	1.80421e-007
5.888000	1.81683e-007
5.890000	1.83219e-007
5.892000	1.85025e-007
5.894000	1.87095e-007
5.896000	1.89422e-007
5.898000	1.92e-007
5.900000	1.94824e-007
5.902000	1.97885e-007
5.904000	2.01177e-007
5.906000	2.04693e-007
5.908000	2.08424e-007
5.910000	2.12362e-007
5.912000	2.165e-007
5.914000	2.2083e-007
5.916000	2.25341e-007
5.918000	2.30026e-007
5.920000	2.34876e-007
5.922000	2.39881e-007
5.924000	2.45033e-007
5.926000	2.50321e-007
5.928000	2.55736e-007
5.930000	2.61268e-007
5.932000	2.66907e-007
5.934000	2.72644e-007
5.936000	2.78469e-007
5.938000	2.84371e-007
5.940000	2.90341e-007
5.942000	2.96367e-007
5.944000	3.02441e-007
5.946000	3.08552e-007
5.948000	3.14689e-007
5.950000	3.20843e-007
5.952000	3.27003e-007
5.954000	3.3316e-007
5.956000	3.39303e-007
5.958000	3.45422e-007
5.960000	3.51508e-007
5.962000	3.57552e-007
5.964000	3.63542e-007
5.966000	3.6947e-007
5.968000	3.75327e-007
5.970000	3.81103e-007
5.972000	3.86789e-007
5.974000	3.92376e-007
5.976000	3.97856e-007
5.978000	4.03221e-007
5.980000	4.08461e-007
5.982000	4.13569e-007
5.984000	4.18537e-007
5.986000	4.23357e-007
5.988000	4.28022e-007
5.990000	4.32525e-007
5.992000	4.3686e-007
5.994000	4.41018e-007
5.996000	4.44995e-007
5.998000	4.48784e-007
6.000000	4.5238e-007
