0.000000	0.126987
0.002000	0.126943
0.004000	0.126935
0.006000	0.126891
0.008000	0.126868
0.010000	0.126833
0.012000	0.126789
0.014000	0.126748
0.016000	0.126705
0.018000	0.126661
0.020000	0.126618
0.022000	0.126574
0.024000	0.126531
0.026000	0.126488
0.028000	0.126444
0.030000	0.126401
0.032000	0.126357
0.034000	0.126314
0.036000	0.126271
0.038000	0.126227
0.040000	0.126184
0.042000	0.12614
0.044000	0.126097
0.046000	0.126054
0.048000	0.12601
0.050000	0.125967
0.052000	0.125923
0.054000	0.12588
0.056000	0.125836
0.058000	0.125793
0.060000	0.125749
0.062000	0.125705
0.064000	0.125662
0.066000	0.125618
0.068000	0.125575
0.070000	0.125531
0.072000	0.125487
0.074000	0.125444
0.076000	0.1254
0.078000	0.125356
0.080000	0.125312
0.082000	0.125269
0.084000	0.125225
0.086000	0.125181
0.088000	0.125137
0.090000	0.125093
0.092000	0.125049
0.094000	0.125005
0.096000	0.124961
0.098000	0.124917
0.100000	0.124873
0.102000	0.124828
0.104000	0.124784
0.106000	0.12474
0.108000	0.124695
0.110000	0.124651
0.112000	0.124607
0.114000	0.124562
0.116000	0.124518
0.118000	0.124473
0.120000	0.124428
0.122000	0.124384
0.124000	0.124339
0.126000	0.124294
0.128000	0.124249
0.130000	0.124204
0.132000	0.124159
0.134000	0.124114
0.136000	0.124069
0.138000	0.124024
0.140000	0.123979
0.142000	0.123933
0.144000	0.123888
0.146000	0.123842
0.148000	0.123797
0.150000	0.123751
0.152000	0.123705
0.154000	0.12366
0.156000	0.123614
0.158000	0.123568
0.160000	0.123522
0.162000	0.123476
0.164000	0.123429
0.166000	0.123383
0.168000	0.123337
0.170000	0.12329
0.172000	0.123244
0.174000	0.123197
0.176000	0.12315
0.178000	0.123103
0.180000	0.123056
0.182000	0.123009
0.184000	0.122962
0.186000	0.122915
0.188000	0.122867
0.190000	0.12282
0.192000	0.122772
0.194000	0.122725
0.196000	0.122677
0.198000	0.122629
0.200000	0.122581
0.202000	0.122533
0.204000	0.122484
0.206000	0.122436
0.208000	0.122388
0.210000	0.122339
0.212000	0.12229
0.214000	0.122241
0.216000	0.122192
0.218000	0.122143
0.220000	0.122094
0.222000	0.122044
0.224000	0.121994
0.226000	0.121945
0.228000	0.121895
0.230000	0.121845
0.232000	0.121795
0.234000	0.121744
0.236000	0.121694
0.238000	0.121643
0.240000	0.121592
0.242000	0.121541
0.244000	0.12149
0.246000	0.121439
0.248000	0.121387
0.250000	0.121336
0.252000	0.121284
0.254000	0.121232
0.256000	0.12118
0.258000	0.121127
0.260000	0.121075
0.262000	0.121022
0.264000	0.120969
0.266000	0.120916
0.268000	0.120863
0.270000	0.120809
0.272000	0.120756
0.274000	0.120702
0.276000	0.120648
0.278000	0.120593
0.280000	0.120539
0.282000	0.120484
0.284000	0.120429
0.286000	0.120374
0.288000	0.120318
0.290000	0.120263
0.292000	0.120207
0.294000	0.120151
0.296000	0.120094
0.298000	0.120038
0.300000	0.119981
0.302000	0.119924
0.304000	0.119867
0.306000	0.119809
0.308000	0.119751
0.310000	0.119693
0.312000	0.119634
0.314000	0.119576
0.316000	0.119517
0.318000	0.119458
0.320000	0.119398
0.322000	0.119338
0.324000	0.119278
0.326000	0.119218
0.328000	0.119157
0.330000	0.119096
0.332000	0.119035
0.334000	0.118973
0.336000	0.118911
0.338000	0.118849
0.340000	0.118786
0.342000	0.118723
0.344000	0.11866
0.346000	0.118596
0.348000	0.118532
0.350000	0.118467
0.352000	0.118403
0.354000	0.118338
0.356000	0.118272
0.358000	0.118206
0.360000	0.11814
0.362000	0.118073
0.364000	0.118006
0.366000	0.117938
0.368000	0.11787
0.370000	0.117802
0.372000	0.117733
0.374000	0.117664
0.376000	0.117594
0.378000	0.117524
0.380000	0.117454
0.382000	0.117383
0.384000	0.117311
0.386000	0.117239
0.388000	0.117166
0.390000	0.117093
0.392000	0.11702
0.394000	0.116946
0.396000	0.116871
0.398000	0.116796
0.400000	0.11672
0.402000	0.116644
0.404000	0.116567
0.406000	0.11649
0.408000	0.116412
0.410000	0.116333
0.412000	0.116254
0.414000	0.116174
0.416000	0.116094
0.418000	0.116013
0.420000	0.115931
0.422000	0.115849
0.424000	0.115765
0.426000	0.115682
0.428000	0.115597
0.430000	0.115512
0.432000	0.115426
0.434000	0.115339
0.436000	0.115252
0.438000	0.115163
0.440000	0.115074
0.442000	0.114984
0.444000	0.114893
0.446000	0.114802
0.448000	0.114709
0.450000	0.114616
0.452000	0.114522
0.454000	0.114426
0.456000	0.11433
0.458000	0.114233
0.460000	0.114135
0.462000	0.114036
0.464000	0.113936
0.466000	0.113834
0.468000	0.113732
0.470000	0.113629
0.472000	0.113524
0.474000	0.113418
0.476000	0.113311
0.478000	0.113203
0.480000	0.113094
0.482000	0.112983
0.484000	0.112871
0.486000	0.112758
0.488000	0.112643
0.490000	0.112527
0.492000	0.11241
0.494000	0.112291
0.496000	0.11217
0.498000	0.112048
0.500000	0.111925
0.502000	0.111799
0.504000	0.111673
0.506000	0.111544
0.508000	0.111413
0.510000	0.111281
0.512000	0.111147
0.514000	0.111011
0.516000	0.110873
0.518000	0.110732
0.520000	0.11059
0.522000	0.110446
0.524000	0.110299
0.526000	0.11015
0.528000	0.109999
0.530000	0.109845
0.532000	0.109689
0.534000	0.10953
0.536000	0.109368
0.538000	0.109203
0.540000	0.109036
0.542000	0.108866
0.544000	0.108692
0.546000	0.108516
0.548000	0.108336
0.550000	0.108153
0.552000	0.107966
0.554000	0.107775
0.556000	0.107581
0.558000	0.107382
0.560000	0.10718
0.562000	0.106973
0.564000	0.106762
0.566000	0.106546
0.568000	0.106325
0.570000	0.106099
0.572000	0.105868
0.574000	0.105631
0.576000	0.105389
0.578000	0.10514
0.580000	0.104886
0.582000	0.104624
0.584000	0.104356
0.586000	0.10408
0.588000	0.103797
0.590000	0.103506
0.592000	0.103206
0.594000	0.102898
0.596000	0.10258
0.598000	0.102252
0.600000	0.101913
0.602000	0.101563
0.604000	0.101202
0.606000	0.100828
0.608000	0.10044
0.610000	0.100038
0.612000	0.0996211
0.614000	0.0991877
0.616000	0.0987367
0.618000	0.098267
0.620000	0.0977771
0.622000	0.0972655
0.624000	0.0967303
0.626000	0.0961698
0.628000	0.0955817
0.630000	0.0949638
0.632000	0.0943135
0.634000	0.093628
0.636000	0.0929042
0.638000	0.0921389
0.640000	0.0913285
0.642000	0.0904695
0.644000	0.089558
0.646000	0.0885907
0.648000	0.0875641
0.650000	0.0864753
0.652000	0.0853221
0.654000	0.0841031
0.656000	0.0828176
0.658000	0.0814662
0.660000	0.0800503
0.662000	0.0785721
0.664000	0.0770347
0.666000	0.0754415
0.668000	0.0737965
0.670000	0.0721036
0.672000	0.0703672
0.674000	0.0685918
0.676000	0.0667817
0.678000	0.0649418
0.680000	0.0630769
0.682000	0.0611921
0.684000	0.0592927
0.686000	0.0573843
0.688000	0.0554728
0.690000	0.0535642
0.692000	0.0516647
0.694000	0.0497804
0.696000	0.0479176
0.698000	0.0460826
0.700000	0.0442813
0.702000	0.0425194
0.704000	0.0408024
0.706000	0.0391352
0.708000	0.0375225
0.710000	0.0359681
0.712000	0.0344755
0.714000	0.0330473
0.716000	0.0316858
0.718000	0.0303924
0.720000	0.0291679
0.722000	0.0280126
0.724000	0.026926
0.726000	0.0259072
0.728000	0.0249548
0.730000	0.0240671
0.732000	0.0232416
0.734000	0.0224759
0.736000	0.0217672
0.738000	0.0211124
0.740000	0.0205084
0.742000	0.0199519
0.744000	0.0194395
0.746000	0.018968
0.748000	0.0185341
0.750000	0.0181346
0.752000	0.0177663
0.754000	0.0174262
0.756000	0.0171114
0.758000	0.0168193
0.760000	0.0165472
0.762000	0.0162927
0.764000	0.0160537
0.766000	0.0158279
0.768000	0.0156135
0.770000	0.0154087
0.772000	0.0152119
0.774000	0.0150218
0.776000	0.014837
0.778000	0.0146563
0.780000	0.0144787
0.782000	0.0143033
0.784000	0.0141294
0.786000	0.0139562
0.788000	0.0137832
0.790000	0.0136098
0.792000	0.0134358
0.794000	0.0132607
0.796000	0.0130843
0.798000	0.0129065
0.800000	0.0127271
0.802000	0.012546
0.804000	0.0123632
0.806000	0.0121787
0.808000	0.0119926
0.810000	0.011805
0.812000	0.0116161
0.814000	0.0114258
0.816000	0.0112345
0.818000	0.0110423
0.820000	0.0108494
0.822000	0.010656
0.824000	0.0104624
0.826000	0.0102688
0.828000	0.0100754
0.830000	0.00988254
0.832000	0.00969036
0.834000	0.00949915
0.836000	0.00930915
0.838000	0.0091206
0.840000	0.00893374
0.842000	0.00874878
0.844000	0.00856596
0.846000	0.00838547
0.848000	0.00820754
0.850000	0.00803234
0.852000	0.00786006
0.854000	0.00769088
0.856000	0.00752495
0.858000	0.00736241
0.860000	0.00720341
0.862000	0.00704806
0.864000	0.00689648
0.866000	0.00674876
0.868000	0.00660499
0.870000	0.00646523
0.872000	0.00632955
0.874000	0.00619798
0.876000	0.00607057
0.878000	0.00594733
0.880000	0.00582827
0.882000	0.0057134
0.884000	0.00560269
0.886000	0.00549612
0.888000	0.00539366
0.890000	0.00529527
0.892000	0.00520088
0.894000	0.00511045
0.896000	0.00502389
0.898000	0.00494114
0.900000	0.0048621
0.902000	0.00478669
0.904000	0.0047148
0.906000	0.00464634
0.908000	0.0045812
0.910000	0.00451926
0.912000	0.00446041
0.914000	0.00440453
0.916000	0.00435149
0.918000	0.00430118
0.920000	0.00425347
0.922000	0.00420823
0.924000	0.00416533
0.926000	0.00412465
0.928000	0.00408606
0.930000	0.00404942
0.932000	0.00401462
0.934000	0.00398153
0.936000	0.00395002
0.938000	0.00391997
0.940000	0.00389127
0.942000	0.0038638
0.944000	0.00383743
0.946000	0.00381207
0.948000	0.0037876
0.950000	0.00376392
0.952000	0.00374092
0.954000	0.00371852
0.956000	0.00369661
0.958000	0.00367511
0.960000	0.00365393
0.962000	0.003633
0.964000	0.00361223
0.966000	0.00359155
0.968000	0.00357089
0.970000	0.0035502
0.972000	0.00352941
0.974000	0.00350846
0.976000	0.0034873
0.978000	0.0034659
0.980000	0.00344419
0.982000	0.00342216
0.984000	0.00339976
0.986000	0.00337696
0.988000	0.00335373
0.990000	0.00333006
0.992000	0.00330593
0.994000	0.00328131
0.996000	0.0032562
0.998000	0.00323059
1.000000	0.00320448
1.002000	0.00317786
1.004000	0.00315074
1.006000	0.00312311
1.008000	0.00309499
1.010000	0.00306639
1.012000	0.00303731
1.014000	0.00300778
1.016000	0.0029778
1.018000	0.0029474
1.020000	0.0029166
1.022000	0.00288541
1.024000	0.00285387
1.026000	0.002822
1.028000	0.00278982
1.030000	0.00275737
1.032000	0.00272467
1.034000	0.00269175
1.036000	0.00265865
1.038000	0.00262539
1.040000	0.00259201
1.042000	0.00255853
1.044000	0.002525
1.046000	0.00249144
1.048000	0.00245789
1.050000	0.00242438
1.052000	0.00239095
1.054000	0.00235761
1.056000	0.00232442
1.058000	0.0022914
1.060000	0.00225858
1.062000	0.00222599
1.064000	0.00219366
1.066000	0.00216162
1.068000	0.00212991
1.070000	0.00209854
1.072000	0.00206754
1.074000	0.00203694
1.076000	0.00200676
1.078000	0.00197704
1.080000	0.00194777
1.082000	0.001919
1.084000	0.00189074
1.086000	0.00186301
1.088000	0.00183582
1.090000	0.00180918
1.092000	0.00178313
1.094000	0.00175766
1.096000	0.00173279
1.098000	0.00170853
1.100000	0.00168488
1.102000	0.00166187
1.104000	0.00163948
1.106000	0.00161773
1.108000	0.00159662
1.110000	0.00157616
1.112000	0.00155633
1.114000	0.00153715
1.116000	0.00151861
1.118000	0.00150071
1.120000	0.00148344
1.122000	0.0014668
1.124000	0.00145079
1.126000	0.00143538
1.128000	0.00142059
1.130000	0.00140639
1.132000	0.00139277
1.134000	0.00137973
1.136000	0.00136726
1.138000	0.00135533
1.140000	0.00134394
1.142000	0.00133307
1.144000	0.0013227
1.146000	0.00131283
1.148000	0.00130343
1.150000	0.00129449
1.152000	0.00128598
1.154000	0.0012779
1.156000	0.00127022
1.158000	0.00126293
1.160000	0.001256
1.162000	0.00124942
1.164000	0.00124316
1.166000	0.00123722
1.168000	0.00123157
1.170000	0.00122618
1.172000	0.00122105
1.174000	0.00121615
1.176000	0.00121146
1.178000	0.00120697
1.180000	0.00120265
1.182000	0.00119848
1.184000	0.00119446
1.186000	0.00119055
1.188000	0.00118675
1.190000	0.00118304
1.192000	0.00117939
1.194000	0.00117579
1.196000	0.00117223
1.198000	0.00116869
1.200000	0.00116516
1.202000	0.00116162
1.204000	0.00115806
1.206000	0.00115446
1.208000	0.00115081
1.210000	0.00114711
1.212000	0.00114333
1.214000	0.00113947
1.216000	0.00113551
1.218000	0.00113145
1.220000	0.00112729
1.222000	0.001123
1.224000	0.00111858
1.226000	0.00111404
1.228000	0.00110935
1.230000	0.00110451
1.232000	0.00109953
1.234000	0.00109439
1.236000	0.00108909
1.238000	0.00108363
1.240000	0.001078
1.242000	0.00107221
1.244000	0.00106625
1.246000	0.00106013
1.248000	0.00105383
1.250000	0.00104737
1.252000	0.00104075
1.254000	0.00103396
1.256000	0.00102701
1.258000	0.0010199
1.260000	0.00101263
1.262000	0.00100522
1.264000	0.000997652
1.266000	0.000989943
1.268000	0.000982097
1.270000	0.000974118
1.272000	0.000966011
1.274000	0.000957784
1.276000	0.000949442
1.278000	0.000940993
1.280000	0.000932442
1.282000	0.000923798
1.284000	0.000915068
1.286000	0.000906259
1.288000	0.000897379
1.290000	0.000888438
1.292000	0.000879441
1.294000	0.000870399
1.296000	0.000861318
1.298000	0.000852209
1.300000	0.000843078
1.302000	0.000833935
1.304000	0.000824788
1.306000	0.000815646
1.308000	0.000806517
1.310000	0.000797409
1.312000	0.000788331
1.314000	0.000779291
1.316000	0.000770297
1.318000	0.000761357
1.320000	0.00075248
1.322000	0.000743672
1.324000	0.000734941
1.326000	0.000726294
1.328000	0.000717739
1.330000	0.000709283
1.332000	0.000700931
1.334000	0.000692691
1.336000	0.000684569
1.338000	0.00067657
1.340000	0.000668699
1.342000	0.000660963
1.344000	0.000653367
1.346000	0.000645914
1.348000	0.000638609
1.350000	0.000631457
1.352000	0.000624461
1.354000	0.000617625
1.356000	0.000610951
1.358000	0.000604443
1.360000	0.000598103
1.362000	0.000591932
1.364000	0.000585934
1.366000	0.000580108
1.368000	0.000574457
1.370000	0.000568981
1.372000	0.000563681
1.374000	0.000558556
1.376000	0.000553606
1.378000	0.000548832
1.380000	0.000544232
1.382000	0.000539805
1.384000	0.00053555
1.386000	0.000531465
1.388000	0.000527548
1.390000	0.000523796
1.392000	0.000520209
1.394000	0.000516781
1.396000	0.000513512
1.398000	0.000510397
1.400000	0.000507433
1.402000	0.000504616
1.404000	0.000501942
1.406000	0.000499408
1.408000	0.000497009
1.410000	0.000494741
1.412000	0.000492599
1.414000	0.000490578
1.416000	0.000488675
1.418000	0.000486882
1.420000	0.000485196
1.422000	0.000483612
1.424000	0.000482124
1.426000	0.000480726
1.428000	0.000479414
1.430000	0.000478182
1.432000	0.000477025
1.434000	0.000475936
1.436000	0.000474911
1.438000	0.000473944
1.440000	0.000473029
1.442000	0.000472161
1.444000	0.000471335
1.446000	0.000470545
1.448000	0.000469785
1.450000	0.000469051
1.452000	0.000468337
1.454000	0.000467639
1.456000	0.00046695
1.458000	0.000466266
1.460000	0.000465583
1.462000	0.000464895
1.464000	0.000464198
1.466000	0.000463488
1.468000	0.000462759
1.470000	0.000462009
1.472000	0.000461233
1.474000	0.000460427
1.476000	0.000459587
1.478000	0.00045871
1.480000	0.000457792
1.482000	0.000456831
1.484000	0.000455823
1.486000	0.000454766
1.488000	0.000453657
1.490000	0.000452493
1.492000	0.000451273
1.494000	0.000449993
1.496000	0.000448653
1.498000	0.000447251
1.500000	0.000445785
1.502000	0.000444253
1.504000	0.000442656
1.506000	0.000440992
1.508000	0.00043926
1.510000	0.000437459
1.512000	0.000435591
1.514000	0.000433653
1.516000	0.000431648
1.518000	0.000429573
1.520000	0.000427431
1.522000	0.000425222
1.524000	0.000422946
1.526000	0.000420605
1.528000	0.000418199
1.530000	0.00041573
1.532000	0.000413199
1.534000	0.000410607
1.536000	0.000407957
1.538000	0.000405251
1.540000	0.000402489
1.542000	0.000399675
1.544000	0.00039681
1.546000	0.000393896
1.548000	0.000390937
1.550000	0.000387935
1.552000	0.000384891
1.554000	0.00038181
1.556000	0.000378693
1.558000	0.000375543
1.560000	0.000372364
1.562000	0.000369157
1.564000	0.000365927
1.566000	0.000362677
1.568000	0.000359408
1.570000	0.000356125
1.572000	0.00035283
1.574000	0.000349527
1.576000	0.000346219
1.578000	0.000342908
1.580000	0.000339598
1.582000	0.000336292
1.584000	0.000332993
1.586000	0.000329705
1.588000	0.000326429
1.590000	0.00032317
1.592000	0.000319929
1.594000	0.000316711
1.596000	0.000313518
1.598000	0.000310352
1.600000	0.000307216
1.602000	0.000304113
1.604000	0.000301046
1.606000	0.000298016
1.608000	0.000295027
1.610000	0.00029208
1.612000	0.000289179
1.614000	0.000286324
1.616000	0.000283518
1.618000	0.000280764
1.620000	0.000278062
1.622000	0.000275414
1.624000	0.000272822
1.626000	0.000270288
1.628000	0.000267813
1.630000	0.000265398
1.632000	0.000263044
1.634000	0.000260753
1.636000	0.000258524
1.638000	0.00025636
1.640000	0.00025426
1.642000	0.000252226
1.644000	0.000250257
1.646000	0.000248354
1.648000	0.000246517
1.650000	0.000244747
1.652000	0.000243042
1.654000	0.000241404
1.656000	0.000239831
1.658000	0.000238324
1.660000	0.000236881
1.662000	0.000235503
1.664000	0.000234188
1.666000	0.000232936
1.668000	0.000231746
1.670000	0.000230617
1.672000	0.000229547
1.674000	0.000228536
1.676000	0.000227583
1.678000	0.000226685
1.680000	0.000225842
1.682000	0.000225052
1.684000	0.000224313
1.686000	0.000223624
1.688000	0.000222983
1.690000	0.000222388
1.692000	0.000221837
1.694000	0.00022133
1.696000	0.000220862
1.698000	0.000220434
1.700000	0.000220042
1.702000	0.000219684
1.704000	0.000219359
1.706000	0.000219064
1.708000	0.000218798
1.710000	0.000218558
1.712000	0.000218341
1.714000	0.000218146
1.716000	0.000217971
1.718000	0.000217813
1.720000	0.000217671
1.722000	0.000217541
1.724000	0.000217423
1.726000	0.000217313
1.728000	0.00021721
1.730000	0.000217111
1.732000	0.000217015
1.734000	0.000216919
1.736000	0.000216822
1.738000	0.000216722
1.740000	0.000216616
1.742000	0.000216503
1.744000	0.000216381
1.746000	0.000216248
1.748000	0.000216102
1.750000	0.000215942
1.752000	0.000215767
1.754000	0.000215574
1.756000	0.000215362
1.758000	0.000215131
1.760000	0.000214877
1.762000	0.000214601
1.764000	0.000214301
1.766000	0.000213975
1.768000	0.000213624
1.770000	0.000213245
1.772000	0.000212839
1.774000	0.000212403
1.776000	0.000211938
1.778000	0.000211442
1.780000	0.000210916
1.782000	0.000210358
1.784000	0.000209769
1.786000	0.000209147
1.788000	0.000208493
1.790000	0.000207806
1.792000	0.000207087
1.794000	0.000206335
1.796000	0.00020555
1.798000	0.000204732
1.800000	0.000203882
1.802000	0.000203
1.804000	0.000202086
1.806000	0.000201141
1.808000	0.000200164
1.810000	0.000199157
1.812000	0.000198121
1.814000	0.000197055
1.816000	0.00019596
1.818000	0.000194838
1.820000	0.00019369
1.822000	0.000192515
1.824000	0.000191315
1.826000	0.000190091
1.828000	0.000188844
1.830000	0.000187575
1.832000	0.000186286
1.834000	0.000184977
1.836000	0.000183649
1.838000	0.000182304
1.840000	0.000180944
1.842000	0.000179569
1.844000	0.00017818
1.846000	0.000176779
1.848000	0.000175368
1.850000	0.000173948
1.852000	0.00017252
1.854000	0.000171085
1.856000	0.000169645
1.858000	0.000168202
1.860000	0.000166756
1.862000	0.00016531
1.864000	0.000163864
1.866000	0.00016242
1.868000	0.000160979
1.870000	0.000159543
1.872000	0.000158113
1.874000	0.000156691
1.876000	0.000155277
1.878000	0.000153874
1.880000	0.000152482
1.882000	0.000151102
1.884000	0.000149736
1.886000	0.000148385
1.888000	0.000147051
1.890000	0.000145733
1.892000	0.000144434
1.894000	0.000143155
1.896000	0.000141896
1.898000	0.000140658
1.900000	0.000139443
1.902000	0.00013825
1.904000	0.000137082
1.906000	0.000135939
1.908000	0.000134821
1.910000	0.000133729
1.912000	0.000132665
1.914000	0.000131627
1.916000	0.000130618
1.918000	0.000129637
1.920000	0.000128685
1.922000	0.000127763
1.924000	0.000126869
1.926000	0.000126006
1.928000	0.000125173
1.930000	0.00012437
1.932000	0.000123597
1.934000	0.000122855
1.936000	0.000122143
1.938000	0.000121462
1.940000	0.00012081
1.942000	0.000120189
1.944000	0.000119598
1.946000	0.000119036
1.948000	0.000118504
1.950000	0.000118
1.952000	0.000117526
1.954000	0.000117079
1.956000	0.00011666
1.958000	0.000116268
1.960000	0.000115902
1.962000	0.000115563
1.964000	0.000115249
1.966000	0.000114959
1.968000	0.000114694
1.970000	0.000114451
1.972000	0.000114231
1.974000	0.000114032
1.976000	0.000113854
1.978000	0.000113696
1.980000	0.000113557
1.982000	0.000113436
1.984000	0.000113332
1.986000	0.000113244
1.988000	0.000113171
1.990000	0.000113112
1.992000	0.000113067
1.994000	0.000113033
1.996000	0.000113011
1.998000	0.000112999
2.000000	0.000112996
2.002000	0.000113001
2.004000	0.000113013
2.006000	0.000113031
2.008000	0.000113054
2.010000	0.000113081
2.012000	0.00011311
2.014000	0.000113142
2.016000	0.000113174
2.018000	0.000113207
2.020000	0.000113238
2.022000	0.000113267
2.024000	0.000113293
2.026000	0.000113316
2.028000	0.000113333
2.030000	0.000113345
2.032000	0.000113351
2.034000	0.000113348
2.036000	0.000113338
2.038000	0.000113319
2.040000	0.00011329
2.042000	0.000113251
2.044000	0.0001132
2.046000	0.000113138
2.048000	0.000113064
2.050000	0.000112976
2.052000	0.000112875
2.054000	0.00011276
2.056000	0.00011263
2.058000	0.000112485
2.060000	0.000112325
2.062000	0.000112149
2.064000	0.000111956
2.066000	0.000111748
2.068000	0.000111523
2.070000	0.00011128
2.072000	0.000111021
2.074000	0.000110744
2.076000	0.00011045
2.078000	0.000110139
2.080000	0.00010981
2.082000	0.000109463
2.084000	0.000109099
2.086000	0.000108718
2.088000	0.00010832
2.090000	0.000107904
2.092000	0.000107471
2.094000	0.000107022
2.096000	0.000106556
2.098000	0.000106074
2.100000	0.000105577
2.102000	0.000105063
2.104000	0.000104535
2.106000	0.000103992
2.108000	0.000103434
2.110000	0.000102863
2.112000	0.000102278
2.114000	0.00010168
2.116000	0.000101071
2.118000	0.000100449
2.120000	9.98161e-005
2.122000	9.91727e-005
2.124000	9.85193e-005
2.126000	9.78566e-005
2.128000	9.71852e-005
2.130000	9.65058e-005
2.132000	9.5819e-005
2.134000	9.51256e-005
2.136000	9.44262e-005
2.138000	9.37215e-005
2.140000	9.30123e-005
2.142000	9.22993e-005
2.144000	9.15831e-005
2.146000	9.08646e-005
2.148000	9.01445e-005
2.150000	8.94234e-005
2.152000	8.87022e-005
2.154000	8.79815e-005
2.156000	8.7262e-005
2.158000	8.65445e-005
2.160000	8.58298e-005
2.162000	8.51184e-005
2.164000	8.4411e-005
2.166000	8.37085e-005
2.168000	8.30114e-005
2.170000	8.23203e-005
2.172000	8.16361e-005
2.174000	8.09592e-005
2.176000	8.02902e-005
2.178000	7.96299e-005
2.180000	7.89787e-005
2.182000	7.83372e-005
2.184000	7.7706e-005
2.186000	7.70856e-005
2.188000	7.64764e-005
2.190000	7.5879e-005
2.192000	7.52938e-005
2.194000	7.47213e-005
2.196000	7.41617e-005
2.198000	7.36156e-005
2.200000	7.30833e-005
2.202000	7.2565e-005
2.204000	7.20612e-005
2.206000	7.1572e-005
2.208000	7.10978e-005
2.210000	7.06387e-005
2.212000	7.01949e-005
2.214000	6.97667e-005
2.216000	6.93541e-005
2.218000	6.89572e-005
2.220000	6.85762e-005
2.222000	6.8211e-005
2.224000	6.78618e-005
2.226000	6.75285e-005
2.228000	6.72111e-005
2.230000	6.69095e-005
2.232000	6.66237e-005
2.234000	6.63535e-005
2.236000	6.60988e-005
2.238000	6.58595e-005
2.240000	6.56354e-005
2.242000	6.54262e-005
2.244000	6.52318e-005
2.246000	6.50518e-005
2.248000	6.48861e-005
2.250000	6.47342e-005
2.252000	6.45959e-005
2.254000	6.44709e-005
2.256000	6.43587e-005
2.258000	6.4259e-005
2.260000	6.41714e-005
2.262000	6.40955e-005
2.264000	6.40309e-005
2.266000	6.3977e-005
2.268000	6.39335e-005
2.270000	6.38999e-005
2.272000	6.38756e-005
2.274000	6.38603e-005
2.276000	6.38533e-005
2.278000	6.38541e-005
2.280000	6.38623e-005
2.282000	6.38773e-005
2.284000	6.38985e-005
2.286000	6.39254e-005
2.288000	6.39575e-005
2.290000	6.39942e-005
2.292000	6.40349e-005
2.294000	6.40792e-005
2.296000	6.41263e-005
2.298000	6.41758e-005
2.300000	6.42272e-005
2.302000	6.42798e-005
2.304000	6.43331e-005
2.306000	6.43866e-005
2.308000	6.44398e-005
2.310000	6.44921e-005
2.312000	6.45429e-005
2.314000	6.45918e-005
2.316000	6.46383e-005
2.318000	6.46819e-005
2.320000	6.4722e-005
2.322000	6.47583e-005
2.324000	6.47903e-005
2.326000	6.48174e-005
2.328000	6.48393e-005
2.330000	6.48556e-005
2.332000	6.48659e-005
2.334000	6.48697e-005
2.336000	6.48668e-005
2.338000	6.48567e-005
2.340000	6.48391e-005
2.342000	6.48137e-005
2.344000	6.47803e-005
2.346000	6.47385e-005
2.348000	6.4688e-005
2.350000	6.46287e-005
2.352000	6.45603e-005
2.354000	6.44827e-005
2.356000	6.43955e-005
2.358000	6.42988e-005
2.360000	6.41923e-005
2.362000	6.40759e-005
2.364000	6.39495e-005
2.366000	6.38131e-005
2.368000	6.36666e-005
2.370000	6.351e-005
2.372000	6.33433e-005
2.374000	6.31663e-005
2.376000	6.29793e-005
2.378000	6.27822e-005
2.380000	6.25752e-005
2.382000	6.23582e-005
2.384000	6.21314e-005
2.386000	6.18949e-005
2.388000	6.1649e-005
2.390000	6.13936e-005
2.392000	6.1129e-005
2.394000	6.08555e-005
2.396000	6.05732e-005
2.398000	6.02823e-005
2.400000	5.99831e-005
2.402000	5.96759e-005
2.404000	5.93609e-005
2.406000	5.90385e-005
2.408000	5.87088e-005
2.410000	5.83723e-005
2.412000	5.80293e-005
2.414000	5.76801e-005
2.416000	5.7325e-005
2.418000	5.69644e-005
2.420000	5.65987e-005
2.422000	5.62283e-005
2.424000	5.58534e-005
2.426000	5.54747e-005
2.428000	5.50923e-005
2.430000	5.47067e-005
2.432000	5.43184e-005
2.434000	5.39277e-005
2.436000	5.3535e-005
2.438000	5.31408e-005
2.440000	5.27455e-005
2.442000	5.23494e-005
2.444000	5.19531e-005
2.446000	5.15568e-005
2.448000	5.11611e-005
2.450000	5.07664e-005
2.452000	5.0373e-005
2.454000	4.99813e-005
2.456000	4.95918e-005
2.458000	4.92048e-005
2.460000	4.88207e-005
2.462000	4.844e-005
2.464000	4.80629e-005
2.466000	4.76898e-005
2.468000	4.73212e-005
2.470000	4.69573e-005
2.472000	4.65985e-005
2.474000	4.6245e-005
2.476000	4.58973e-005
2.478000	4.55557e-005
2.480000	4.52203e-005
2.482000	4.48915e-005
2.484000	4.45696e-005
2.486000	4.42548e-005
2.488000	4.39474e-005
2.490000	4.36475e-005
2.492000	4.33555e-005
2.494000	4.30714e-005
2.496000	4.27955e-005
2.498000	4.2528e-005
2.500000	4.22689e-005
2.502000	4.20184e-005
2.504000	4.17768e-005
2.506000	4.15439e-005
2.508000	4.132e-005
2.510000	4.11052e-005
2.512000	4.08994e-005
2.514000	4.07027e-005
2.516000	4.05152e-005
2.518000	4.03368e-005
2.520000	4.01676e-005
2.522000	4.00075e-005
2.524000	3.98565e-005
2.526000	3.97145e-005
2.528000	3.95815e-005
2.530000	3.94575e-005
2.532000	3.93422e-005
2.534000	3.92356e-005
2.536000	3.91376e-005
2.538000	3.9048e-005
2.540000	3.89666e-005
2.542000	3.88934e-005
2.544000	3.88281e-005
2.546000	3.87706e-005
2.548000	3.87206e-005
2.550000	3.8678e-005
2.552000	3.86424e-005
2.554000	3.86137e-005
2.556000	3.85917e-005
2.558000	3.8576e-005
2.560000	3.85665e-005
2.562000	3.85627e-005
2.564000	3.85646e-005
2.566000	3.85717e-005
2.568000	3.85839e-005
2.570000	3.86007e-005
2.572000	3.86219e-005
2.574000	3.86472e-005
2.576000	3.86762e-005
2.578000	3.87087e-005
2.580000	3.87443e-005
2.582000	3.87827e-005
2.584000	3.88236e-005
2.586000	3.88666e-005
2.588000	3.89115e-005
2.590000	3.89579e-005
2.592000	3.90054e-005
2.594000	3.90538e-005
2.596000	3.91027e-005
2.598000	3.91517e-005
2.600000	3.92007e-005
2.602000	3.92492e-005
2.604000	3.9297e-005
2.606000	3.93437e-005
2.608000	3.9389e-005
2.610000	3.94327e-005
2.612000	3.94744e-005
2.614000	3.95139e-005
2.616000	3.95508e-005
2.618000	3.9585e-005
2.620000	3.96161e-005
2.622000	3.96439e-005
2.624000	3.96681e-005
2.626000	3.96885e-005
2.628000	3.97049e-005
2.630000	3.97171e-005
2.632000	3.97248e-005
2.634000	3.97278e-005
2.636000	3.9726e-005
2.638000	3.97192e-005
2.640000	3.97072e-005
2.642000	3.96898e-005
2.644000	3.9667e-005
2.646000	3.96385e-005
2.648000	3.96043e-005
2.650000	3.95642e-005
2.652000	3.95182e-005
2.654000	3.94662e-005
2.656000	3.9408e-005
2.658000	3.93437e-005
2.660000	3.92732e-005
2.662000	3.91965e-005
2.664000	3.91135e-005
2.666000	3.90242e-005
2.668000	3.89286e-005
2.670000	3.88268e-005
2.672000	3.87188e-005
2.674000	3.86045e-005
2.676000	3.84842e-005
2.678000	3.83577e-005
2.680000	3.82252e-005
2.682000	3.80869e-005
2.684000	3.79426e-005
2.686000	3.77927e-005
2.688000	3.76372e-005
2.690000	3.74761e-005
2.692000	3.73098e-005
2.694000	3.71382e-005
2.696000	3.69616e-005
2.698000	3.67801e-005
2.700000	3.65939e-005
2.702000	3.64032e-005
2.704000	3.62082e-005
2.706000	3.6009e-005
2.708000	3.58058e-005
2.710000	3.5599e-005
2.712000	3.53886e-005
2.714000	3.51749e-005
2.716000	3.49582e-005
2.718000	3.47386e-005
2.720000	3.45164e-005
2.722000	3.42919e-005
2.724000	3.40653e-005
2.726000	3.38367e-005
2.728000	3.36066e-005
2.730000	3.33751e-005
2.732000	3.31425e-005
2.734000	3.2909e-005
2.736000	3.26748e-005
2.738000	3.24404e-005
2.740000	3.22058e-005
2.742000	3.19714e-005
2.744000	3.17374e-005
2.746000	3.1504e-005
2.748000	3.12715e-005
2.750000	3.10402e-005
2.752000	3.08102e-005
2.754000	3.05819e-005
2.756000	3.03555e-005
2.758000	3.01311e-005
2.760000	2.99091e-005
2.762000	2.96896e-005
2.764000	2.94728e-005
2.766000	2.92591e-005
2.768000	2.90485e-005
2.770000	2.88413e-005
2.772000	2.86376e-005
2.774000	2.84377e-005
2.776000	2.82418e-005
2.778000	2.80499e-005
2.780000	2.78623e-005
2.782000	2.76791e-005
2.784000	2.75005e-005
2.786000	2.73265e-005
2.788000	2.71574e-005
2.790000	2.69933e-005
2.792000	2.68342e-005
2.794000	2.66802e-005
2.796000	2.65315e-005
2.798000	2.63882e-005
2.800000	2.62502e-005
2.802000	2.61177e-005
2.804000	2.59907e-005
2.806000	2.58693e-005
2.808000	2.57535e-005
2.810000	2.56434e-005
2.812000	2.55388e-005
2.814000	2.544e-005
2.816000	2.53467e-005
2.818000	2.52591e-005
2.820000	2.51771e-005
2.822000	2.51006e-005
2.824000	2.50297e-005
2.826000	2.49643e-005
2.828000	2.49043e-005
2.830000	2.48496e-005
2.832000	2.48002e-005
2.834000	2.4756e-005
2.836000	2.47169e-005
2.838000	2.46827e-005
2.840000	2.46535e-005
2.842000	2.4629e-005
2.844000	2.46091e-005
2.846000	2.45937e-005
2.848000	2.45827e-005
2.850000	2.45759e-005
2.852000	2.45731e-005
2.854000	2.45743e-005
2.856000	2.45792e-005
2.858000	2.45876e-005
2.860000	2.45995e-005
2.862000	2.46146e-005
2.864000	2.46327e-005
2.866000	2.46537e-005
2.868000	2.46773e-005
2.870000	2.47034e-005
2.872000	2.47317e-005
2.874000	2.47622e-005
2.876000	2.47945e-005
2.878000	2.48284e-005
2.880000	2.48639e-005
2.882000	2.49006e-005
2.884000	2.49383e-005
2.886000	2.49769e-005
2.888000	2.50161e-005
2.890000	2.50558e-005
2.892000	2.50957e-005
2.894000	2.51357e-005
2.896000	2.51755e-005
2.898000	2.52149e-005
2.900000	2.52538e-005
2.902000	2.52919e-005
2.904000	2.5329e-005
2.906000	2.5365e-005
2.908000	2.53997e-005
2.910000	2.54329e-005
2.912000	2.54644e-005
2.914000	2.5494e-005
2.916000	2.55217e-005
2.918000	2.55471e-005
2.920000	2.55703e-005
2.922000	2.55909e-005
2.924000	2.56089e-005
2.926000	2.56241e-005
2.928000	2.56364e-005
2.930000	2.56457e-005
2.932000	2.56519e-005
2.934000	2.56547e-005
2.936000	2.56542e-005
2.938000	2.56502e-005
2.940000	2.56427e-005
2.942000	2.56315e-005
2.944000	2.56165e-005
2.946000	2.55978e-005
2.948000	2.55752e-005
2.950000	2.55487e-005
2.952000	2.55183e-005
2.954000	2.54838e-005
2.956000	2.54453e-005
2.958000	2.54027e-005
2.960000	2.53561e-005
2.962000	2.53054e-005
2.964000	2.52506e-005
2.966000	2.51917e-005
2.968000	2.51288e-005
2.970000	2.50618e-005
2.972000	2.49908e-005
2.974000	2.49159e-005
2.976000	2.4837e-005
2.978000	2.47543e-005
2.980000	2.46677e-005
2.982000	2.45774e-005
2.984000	2.44835e-005
2.986000	2.43859e-005
2.988000	2.42848e-005
2.990000	2.41803e-005
2.992000	2.40725e-005
2.994000	2.39615e-005
2.996000	2.38473e-005
2.998000	2.37302e-005
3.000000	2.36102e-005
3.002000	2.34874e-005
3.004000	2.3362e-005
3.006000	2.32341e-005
3.008000	2.31039e-005
3.010000	2.29714e-005
3.012000	2.28369e-005
3.014000	2.27005e-005
3.016000	2.25623e-005
3.018000	2.24225e-005
3.020000	2.22812e-005
3.022000	2.21387e-005
3.024000	2.1995e-005
3.026000	2.18503e-005
3.028000	2.17048e-005
3.030000	2.15586e-005
3.032000	2.14119e-005
3.034000	2.1265e-005
3.036000	2.11178e-005
3.038000	2.09707e-005
3.040000	2.08237e-005
3.042000	2.06771e-005
3.044000	2.05309e-005
3.046000	2.03854e-005
3.048000	2.02407e-005
3.050000	2.00969e-005
3.052000	1.99543e-005
3.054000	1.9813e-005
3.056000	1.9673e-005
3.058000	1.95347e-005
3.060000	1.9398e-005
3.062000	1.92632e-005
3.064000	1.91304e-005
3.066000	1.89996e-005
3.068000	1.88712e-005
3.070000	1.8745e-005
3.072000	1.86214e-005
3.074000	1.85003e-005
3.076000	1.8382e-005
3.078000	1.82665e-005
3.080000	1.81538e-005
3.082000	1.80442e-005
3.084000	1.79376e-005
3.086000	1.78342e-005
3.088000	1.77341e-005
3.090000	1.76373e-005
3.092000	1.75438e-005
3.094000	1.74538e-005
3.096000	1.73672e-005
3.098000	1.72842e-005
3.100000	1.72048e-005
3.102000	1.71289e-005
3.104000	1.70567e-005
3.106000	1.69882e-005
3.108000	1.69233e-005
3.110000	1.68621e-005
3.112000	1.68045e-005
3.114000	1.67506e-005
3.116000	1.67004e-005
3.118000	1.66538e-005
3.120000	1.66109e-005
3.122000	1.65715e-005
3.124000	1.65357e-005
3.126000	1.65034e-005
3.128000	1.64745e-005
3.130000	1.64491e-005
3.132000	1.6427e-005
3.134000	1.64083e-005
3.136000	1.63927e-005
3.138000	1.63803e-005
3.140000	1.6371e-005
3.142000	1.63646e-005
3.144000	1.63612e-005
3.146000	1.63605e-005
3.148000	1.63626e-005
3.150000	1.63672e-005
3.152000	1.63744e-005
3.154000	1.6384e-005
3.156000	1.63959e-005
3.158000	1.64099e-005
3.160000	1.6426e-005
3.162000	1.6444e-005
3.164000	1.64638e-005
3.166000	1.64853e-005
3.168000	1.65084e-005
3.170000	1.65329e-005
3.172000	1.65587e-005
3.174000	1.65856e-005
3.176000	1.66136e-005
3.178000	1.66425e-005
3.180000	1.66721e-005
3.182000	1.67024e-005
3.184000	1.67331e-005
3.186000	1.67642e-005
3.188000	1.67956e-005
3.190000	1.6827e-005
3.192000	1.68583e-005
3.194000	1.68895e-005
3.196000	1.69204e-005
3.198000	1.69508e-005
3.200000	1.69807e-005
3.202000	1.70098e-005
3.204000	1.70381e-005
3.206000	1.70655e-005
3.208000	1.70919e-005
3.210000	1.7117e-005
3.212000	1.71409e-005
3.214000	1.71633e-005
3.216000	1.71843e-005
3.218000	1.72036e-005
3.220000	1.72213e-005
3.222000	1.72371e-005
3.224000	1.7251e-005
3.226000	1.72629e-005
3.228000	1.72727e-005
3.230000	1.72804e-005
3.232000	1.72859e-005
3.234000	1.72891e-005
3.236000	1.72899e-005
3.238000	1.72882e-005
3.240000	1.72841e-005
3.242000	1.72775e-005
3.244000	1.72683e-005
3.246000	1.72564e-005
3.248000	1.72419e-005
3.250000	1.72247e-005
3.252000	1.72048e-005
3.254000	1.71822e-005
3.256000	1.71568e-005
3.258000	1.71286e-005
3.260000	1.70977e-005
3.262000	1.7064e-005
3.264000	1.70276e-005
3.266000	1.69883e-005
3.268000	1.69464e-005
3.270000	1.69017e-005
3.272000	1.68544e-005
3.274000	1.68044e-005
3.276000	1.67517e-005
3.278000	1.66965e-005
3.280000	1.66387e-005
3.282000	1.65785e-005
3.284000	1.65157e-005
3.286000	1.64506e-005
3.288000	1.63832e-005
3.290000	1.63135e-005
3.292000	1.62417e-005
3.294000	1.61677e-005
3.296000	1.60916e-005
3.298000	1.60137e-005
3.300000	1.59338e-005
3.302000	1.58521e-005
3.304000	1.57688e-005
3.306000	1.56838e-005
3.308000	1.55973e-005
3.310000	1.55094e-005
3.312000	1.54202e-005
3.314000	1.53298e-005
3.316000	1.52382e-005
3.318000	1.51456e-005
3.320000	1.50522e-005
3.322000	1.49579e-005
3.324000	1.4863e-005
3.326000	1.47675e-005
3.328000	1.46715e-005
3.330000	1.45751e-005
3.332000	1.44785e-005
3.334000	1.43818e-005
3.336000	1.4285e-005
3.338000	1.41884e-005
3.340000	1.40919e-005
3.342000	1.39957e-005
3.344000	1.39e-005
3.346000	1.38047e-005
3.348000	1.37101e-005
3.350000	1.36163e-005
3.352000	1.35232e-005
3.354000	1.34311e-005
3.356000	1.33401e-005
3.358000	1.32501e-005
3.360000	1.31614e-005
3.362000	1.3074e-005
3.364000	1.2988e-005
3.366000	1.29036e-005
3.368000	1.28207e-005
3.370000	1.27394e-005
3.372000	1.26599e-005
3.374000	1.25822e-005
3.376000	1.25064e-005
3.378000	1.24325e-005
3.380000	1.23607e-005
3.382000	1.22909e-005
3.384000	1.22233e-005
3.386000	1.21579e-005
3.388000	1.20947e-005
3.390000	1.20337e-005
3.392000	1.19751e-005
3.394000	1.19189e-005
3.396000	1.1865e-005
3.398000	1.18135e-005
3.400000	1.17645e-005
3.402000	1.1718e-005
3.404000	1.16739e-005
3.406000	1.16323e-005
3.408000	1.15932e-005
3.410000	1.15566e-005
3.412000	1.15225e-005
3.414000	1.14909e-005
3.416000	1.14617e-005
3.418000	1.14351e-005
3.420000	1.14108e-005
3.422000	1.1389e-005
3.424000	1.13696e-005
3.426000	1.13525e-005
3.428000	1.13378e-005
3.430000	1.13254e-005
3.432000	1.13152e-005
3.434000	1.13072e-005
3.436000	1.13014e-005
3.438000	1.12977e-005
3.440000	1.1296e-005
3.442000	1.12964e-005
3.444000	1.12986e-005
3.446000	1.13027e-005
3.448000	1.13086e-005
3.450000	1.13162e-005
3.452000	1.13255e-005
3.454000	1.13364e-005
3.456000	1.13487e-005
3.458000	1.13625e-005
3.460000	1.13776e-005
3.462000	1.1394e-005
3.464000	1.14115e-005
3.466000	1.14301e-005
3.468000	1.14497e-005
3.470000	1.14702e-005
3.472000	1.14915e-005
3.474000	1.15135e-005
3.476000	1.15362e-005
3.478000	1.15594e-005
3.480000	1.1583e-005
3.482000	1.1607e-005
3.484000	1.16313e-005
3.486000	1.16557e-005
3.488000	1.16802e-005
3.490000	1.17046e-005
3.492000	1.1729e-005
3.494000	1.17531e-005
3.496000	1.1777e-005
3.498000	1.18005e-005
3.500000	1.18235e-005
3.502000	1.1846e-005
3.504000	1.18678e-005
3.506000	1.18889e-005
3.508000	1.19092e-005
3.510000	1.19286e-005
3.512000	1.1947e-005
3.514000	1.19645e-005
3.516000	1.19808e-005
3.518000	1.19959e-005
3.520000	1.20098e-005
3.522000	1.20224e-005
3.524000	1.20336e-005
3.526000	1.20434e-005
3.528000	1.20517e-005
3.530000	1.20584e-005
3.532000	1.20636e-005
3.534000	1.20671e-005
3.536000	1.20689e-005
3.538000	1.2069e-005
3.540000	1.20674e-005
3.542000	1.20639e-005
3.544000	1.20587e-005
3.546000	1.20515e-005
3.548000	1.20425e-005
3.550000	1.20316e-005
3.552000	1.20188e-005
3.554000	1.20041e-005
3.556000	1.19874e-005
3.558000	1.19688e-005
3.560000	1.19483e-005
3.562000	1.19258e-005
3.564000	1.19014e-005
3.566000	1.1875e-005
3.568000	1.18467e-005
3.570000	1.18166e-005
3.572000	1.17845e-005
3.574000	1.17506e-005
3.576000	1.17149e-005
3.578000	1.16773e-005
3.580000	1.1638e-005
3.582000	1.1597e-005
3.584000	1.15542e-005
3.586000	1.15098e-005
3.588000	1.14638e-005
3.590000	1.14162e-005
3.592000	1.13671e-005
3.594000	1.13165e-005
3.596000	1.12645e-005
3.598000	1.12112e-005
3.600000	1.11565e-005
3.602000	1.11007e-005
3.604000	1.10436e-005
3.606000	1.09854e-005
3.608000	1.09262e-005
3.610000	1.08661e-005
3.612000	1.0805e-005
3.614000	1.07431e-005
3.616000	1.06804e-005
3.618000	1.0617e-005
3.620000	1.05531e-005
3.622000	1.04886e-005
3.624000	1.04236e-005
3.626000	1.03582e-005
3.628000	1.02926e-005
3.630000	1.02267e-005
3.632000	1.01607e-005
3.634000	1.00946e-005
3.636000	1.00284e-005
3.638000	9.96242e-006
3.640000	9.89655e-006
3.642000	9.83092e-006
3.644000	9.7656e-006
3.646000	9.70066e-006
3.648000	9.63618e-006
3.650000	9.57223e-006
3.652000	9.50889e-006
3.654000	9.44622e-006
3.656000	9.3843e-006
3.658000	9.32318e-006
3.660000	9.26295e-006
3.662000	9.20365e-006
3.664000	9.14536e-006
3.666000	9.08814e-006
3.668000	9.03204e-006
3.670000	8.97712e-006
3.672000	8.92343e-006
3.674000	8.87103e-006
3.676000	8.81996e-006
3.678000	8.77027e-006
3.680000	8.72202e-006
3.682000	8.67522e-006
3.684000	8.62994e-006
3.686000	8.5862e-006
3.688000	8.54404e-006
3.690000	8.50349e-006
3.692000	8.46457e-006
3.694000	8.42732e-006
3.696000	8.39175e-006
3.698000	8.35788e-006
3.700000	8.32573e-006
3.702000	8.29531e-006
3.704000	8.26664e-006
3.706000	8.23971e-006
3.708000	8.21454e-006
3.710000	8.19113e-006
3.712000	8.16947e-006
3.714000	8.14956e-006
3.716000	8.13139e-006
3.718000	8.11495e-006
3.720000	8.10022e-006
3.722000	8.0872e-006
3.724000	8.07586e-006
3.726000	8.06617e-006
3.728000	8.05812e-006
3.730000	8.05168e-006
3.732000	8.04682e-006
3.734000	8.0435e-006
3.736000	8.04169e-006
3.738000	8.04136e-006
3.740000	8.04245e-006
3.742000	8.04494e-006
3.744000	8.04877e-006
3.746000	8.05391e-006
3.748000	8.06029e-006
3.750000	8.06788e-006
3.752000	8.07662e-006
3.754000	8.08645e-006
3.756000	8.09733e-006
3.758000	8.10919e-006
3.760000	8.12197e-006
3.762000	8.13563e-006
3.764000	8.15009e-006
3.766000	8.16529e-006
3.768000	8.18118e-006
3.770000	8.19768e-006
3.772000	8.21475e-006
3.774000	8.2323e-006
3.776000	8.25027e-006
3.778000	8.26861e-006
3.780000	8.28724e-006
3.782000	8.3061e-006
3.784000	8.32511e-006
3.786000	8.34423e-006
3.788000	8.36337e-006
3.790000	8.38248e-006
3.792000	8.40149e-006
3.794000	8.42033e-006
3.796000	8.43895e-006
3.798000	8.45727e-006
3.800000	8.47524e-006
3.802000	8.49279e-006
3.804000	8.50987e-006
3.806000	8.52641e-006
3.808000	8.54236e-006
3.810000	8.55767e-006
3.812000	8.57227e-006
3.814000	8.58611e-006
3.816000	8.59915e-006
3.818000	8.61133e-006
3.820000	8.6226e-006
3.822000	8.63293e-006
3.824000	8.64225e-006
3.826000	8.65054e-006
3.828000	8.65774e-006
3.830000	8.66383e-006
3.832000	8.66877e-006
3.834000	8.67252e-006
3.836000	8.67506e-006
3.838000	8.67634e-006
3.840000	8.67636e-006
3.842000	8.67507e-006
3.844000	8.67247e-006
3.846000	8.66853e-006
3.848000	8.66323e-006
3.850000	8.65657e-006
3.852000	8.64852e-006
3.854000	8.63908e-006
3.856000	8.62825e-006
3.858000	8.61602e-006
3.860000	8.60238e-006
3.862000	8.58735e-006
3.864000	8.57091e-006
3.866000	8.55309e-006
3.868000	8.53388e-006
3.870000	8.5133e-006
3.872000	8.49137e-006
3.874000	8.46809e-006
3.876000	8.44348e-006
3.878000	8.41758e-006
3.880000	8.39039e-006
3.882000	8.36195e-006
3.884000	8.33228e-006
3.886000	8.30141e-006
3.888000	8.26938e-006
3.890000	8.23621e-006
3.892000	8.20194e-006
3.894000	8.16661e-006
3.896000	8.13025e-006
3.898000	8.09292e-006
3.900000	8.05464e-006
3.902000	8.01547e-006
3.904000	7.97544e-006
3.906000	7.93461e-006
3.908000	7.89303e-006
3.910000	7.85074e-006
3.912000	7.80779e-006
3.914000	7.76423e-006
3.916000	7.72012e-006
3.918000	7.67551e-006
3.920000	7.63045e-006
3.922000	7.585e-006
3.924000	7.53921e-006
3.926000	7.49314e-006
3.928000	7.44684e-006
3.930000	7.40036e-006
3.932000	7.35377e-006
3.934000	7.30712e-006
3.936000	7.26047e-006
3.938000	7.21387e-006
3.940000	7.16737e-006
3.942000	7.12104e-006
3.944000	7.07493e-006
3.946000	7.02908e-006
3.948000	6.98356e-006
3.950000	6.93842e-006
3.952000	6.89371e-006
3.954000	6.84948e-006
3.956000	6.80578e-006
3.958000	6.76265e-006
3.960000	6.72016e-006
3.962000	6.67834e-006
3.964000	6.63724e-006
3.966000	6.59691e-006
3.968000	6.55738e-006
3.970000	6.51869e-006
3.972000	6.4809e-006
3.974000	6.44402e-006
3.976000	6.40811e-006
3.978000	6.3732e-006
3.980000	6.33931e-006
3.982000	6.30647e-006
3.984000	6.27473e-006
3.986000	6.2441e-006
3.988000	6.2146e-006
3.990000	6.18627e-006
3.992000	6.15911e-006
3.994000	6.13316e-006
3.996000	6.10842e-006
3.998000	6.08492e-006
4.000000	6.06265e-006
4.002000	6.04164e-006
4.004000	6.02189e-006
4.006000	6.00341e-006
4.008000	5.98619e-006
4.010000	5.97025e-006
4.012000	5.95558e-006
4.014000	5.94217e-006
4.016000	5.93003e-006
4.018000	5.91914e-006
4.020000	5.9095e-006
4.022000	5.90109e-006
4.024000	5.8939e-006
4.026000	5.88791e-006
4.028000	5.88312e-006
4.030000	5.87949e-006
4.032000	5.87701e-006
4.034000	5.87565e-006
4.036000	5.87539e-006
4.038000	5.8762e-006
4.040000	5.87805e-006
4.042000	5.88092e-006
4.044000	5.88477e-006
4.046000	5.88956e-006
4.048000	5.89527e-006
4.050000	5.90186e-006
4.052000	5.90928e-006
4.054000	5.91751e-006
4.056000	5.9265e-006
4.058000	5.9362e-006
4.060000	5.94659e-006
4.062000	5.95761e-006
4.064000	5.96922e-006
4.066000	5.98138e-006
4.068000	5.99404e-006
4.070000	6.00715e-006
4.072000	6.02067e-006
4.074000	6.03455e-006
4.076000	6.04875e-006
4.078000	6.06321e-006
4.080000	6.07789e-006
4.082000	6.09274e-006
4.084000	6.10771e-006
4.086000	6.12275e-006
4.088000	6.13782e-006
4.090000	6.15287e-006
4.092000	6.16785e-006
4.094000	6.18271e-006
4.096000	6.19741e-006
4.098000	6.21189e-006
4.100000	6.22613e-006
4.102000	6.24006e-006
4.104000	6.25364e-006
4.106000	6.26684e-006
4.108000	6.27961e-006
4.110000	6.2919e-006
4.112000	6.30369e-006
4.114000	6.31492e-006
4.116000	6.32556e-006
4.118000	6.33558e-006
4.120000	6.34493e-006
4.122000	6.35359e-006
4.124000	6.36151e-006
4.126000	6.36868e-006
4.128000	6.37505e-006
4.130000	6.38061e-006
4.132000	6.38532e-006
4.134000	6.38916e-006
4.136000	6.3921e-006
4.138000	6.39413e-006
4.140000	6.39522e-006
4.142000	6.39536e-006
4.144000	6.39452e-006
4.146000	6.3927e-006
4.148000	6.38988e-006
4.150000	6.38605e-006
4.152000	6.38121e-006
4.154000	6.37533e-006
4.156000	6.36843e-006
4.158000	6.36049e-006
4.160000	6.35151e-006
4.162000	6.34149e-006
4.164000	6.33044e-006
4.166000	6.31836e-006
4.168000	6.30526e-006
4.170000	6.29113e-006
4.172000	6.276e-006
4.174000	6.25987e-006
4.176000	6.24276e-006
4.178000	6.22468e-006
4.180000	6.20564e-006
4.182000	6.18567e-006
4.184000	6.16478e-006
4.186000	6.14299e-006
4.188000	6.12033e-006
4.190000	6.09683e-006
4.192000	6.0725e-006
4.194000	6.04737e-006
4.196000	6.02148e-006
4.198000	5.99484e-006
4.200000	5.9675e-006
4.202000	5.93948e-006
4.204000	5.91082e-006
4.206000	5.88155e-006
4.208000	5.8517e-006
4.210000	5.82131e-006
4.212000	5.79043e-006
4.214000	5.75908e-006
4.216000	5.7273e-006
4.218000	5.69513e-006
4.220000	5.66262e-006
4.222000	5.6298e-006
4.224000	5.59671e-006
4.226000	5.56339e-006
4.228000	5.52989e-006
4.230000	5.49624e-006
4.232000	5.46249e-006
4.234000	5.42867e-006
4.236000	5.39483e-006
4.238000	5.36102e-006
4.240000	5.32726e-006
4.242000	5.29361e-006
4.244000	5.2601e-006
4.246000	5.22678e-006
4.248000	5.19368e-006
4.250000	5.16083e-006
4.252000	5.12829e-006
4.254000	5.09609e-006
4.256000	5.06427e-006
4.258000	5.03286e-006
4.260000	5.0019e-006
4.262000	4.97142e-006
4.264000	4.94146e-006
4.266000	4.91205e-006
4.268000	4.88323e-006
4.270000	4.85502e-006
4.272000	4.82745e-006
4.274000	4.80056e-006
4.276000	4.77436e-006
4.278000	4.74889e-006
4.280000	4.72418e-006
4.282000	4.70023e-006
4.284000	4.67708e-006
4.286000	4.65475e-006
4.288000	4.63326e-006
4.290000	4.61261e-006
4.292000	4.59284e-006
4.294000	4.57395e-006
4.296000	4.55595e-006
4.298000	4.53887e-006
4.300000	4.5227e-006
4.302000	4.50746e-006
4.304000	4.49315e-006
4.306000	4.47978e-006
4.308000	4.46735e-006
4.310000	4.45586e-006
4.312000	4.44532e-006
4.314000	4.43572e-006
4.316000	4.42705e-006
4.318000	4.41933e-006
4.320000	4.41252e-006
4.322000	4.40664e-006
4.324000	4.40167e-006
4.326000	4.3976e-006
4.328000	4.39442e-006
4.330000	4.39212e-006
4.332000	4.39067e-006
4.334000	4.39006e-006
4.336000	4.39028e-006
4.338000	4.3913e-006
4.340000	4.39311e-006
4.342000	4.39568e-006
4.344000	4.399e-006
4.346000	4.40302e-006
4.348000	4.40774e-006
4.350000	4.41312e-006
4.352000	4.41914e-006
4.354000	4.42577e-006
4.356000	4.43297e-006
4.358000	4.44073e-006
4.360000	4.449e-006
4.362000	4.45776e-006
4.364000	4.46698e-006
4.366000	4.47661e-006
4.368000	4.48663e-006
4.370000	4.49701e-006
4.372000	4.5077e-006
4.374000	4.51868e-006
4.376000	4.5299e-006
4.378000	4.54134e-006
4.380000	4.55296e-006
4.382000	4.56471e-006
4.384000	4.57658e-006
4.386000	4.58851e-006
4.388000	4.60047e-006
4.390000	4.61243e-006
4.392000	4.62436e-006
4.394000	4.63621e-006
4.396000	4.64795e-006
4.398000	4.65955e-006
4.400000	4.67097e-006
4.402000	4.68218e-006
4.404000	4.69315e-006
4.406000	4.70383e-006
4.408000	4.71421e-006
4.410000	4.72425e-006
4.412000	4.73391e-006
4.414000	4.74317e-006
4.416000	4.752e-006
4.418000	4.76037e-006
4.420000	4.76826e-006
4.422000	4.77563e-006
4.424000	4.78246e-006
4.426000	4.78874e-006
4.428000	4.79442e-006
4.430000	4.7995e-006
4.432000	4.80395e-006
4.434000	4.80776e-006
4.436000	4.81089e-006
4.438000	4.81335e-006
4.440000	4.8151e-006
4.442000	4.81615e-006
4.444000	4.81646e-006
4.446000	4.81604e-006
4.448000	4.81487e-006
4.450000	4.81294e-006
4.452000	4.81024e-006
4.454000	4.80678e-006
4.456000	4.80253e-006
4.458000	4.79751e-006
4.460000	4.7917e-006
4.462000	4.78511e-006
4.464000	4.77773e-006
4.466000	4.76958e-006
4.468000	4.76065e-006
4.470000	4.75094e-006
4.472000	4.74047e-006
4.474000	4.72924e-006
4.476000	4.71726e-006
4.478000	4.70454e-006
4.480000	4.69109e-006
4.482000	4.67693e-006
4.484000	4.66206e-006
4.486000	4.64651e-006
4.488000	4.63028e-006
4.490000	4.6134e-006
4.492000	4.59589e-006
4.494000	4.57776e-006
4.496000	4.55904e-006
4.498000	4.53974e-006
4.500000	4.5199e-006
4.502000	4.49952e-006
4.504000	4.47865e-006
4.506000	4.45729e-006
4.508000	4.43548e-006
4.510000	4.41325e-006
4.512000	4.39062e-006
4.514000	4.36762e-006
4.516000	4.34427e-006
4.518000	4.32062e-006
4.520000	4.29668e-006
4.522000	4.27249e-006
4.524000	4.24807e-006
4.526000	4.22346e-006
4.528000	4.19869e-006
4.530000	4.17378e-006
4.532000	4.14878e-006
4.534000	4.12371e-006
4.536000	4.0986e-006
4.538000	4.07349e-006
4.540000	4.04839e-006
4.542000	4.02336e-006
4.544000	3.99841e-006
4.546000	3.97358e-006
4.548000	3.9489e-006
4.550000	3.92439e-006
4.552000	3.90009e-006
4.554000	3.87603e-006
4.556000	3.85223e-006
4.558000	3.82873e-006
4.560000	3.80555e-006
4.562000	3.78271e-006
4.564000	3.76025e-006
4.566000	3.73819e-006
4.568000	3.71655e-006
4.570000	3.69537e-006
4.572000	3.67465e-006
4.574000	3.65442e-006
4.576000	3.63472e-006
4.578000	3.61554e-006
4.580000	3.59693e-006
4.582000	3.57888e-006
4.584000	3.56143e-006
4.586000	3.54458e-006
4.588000	3.52836e-006
4.590000	3.51277e-006
4.592000	3.49784e-006
4.594000	3.48356e-006
4.596000	3.46996e-006
4.598000	3.45704e-006
4.600000	3.44481e-006
4.602000	3.43327e-006
4.604000	3.42244e-006
4.606000	3.41232e-006
4.608000	3.40291e-006
4.610000	3.39421e-006
4.612000	3.38623e-006
4.614000	3.37896e-006
4.616000	3.37241e-006
4.618000	3.36657e-006
4.620000	3.36143e-006
4.622000	3.35699e-006
4.624000	3.35326e-006
4.626000	3.35021e-006
4.628000	3.34784e-006
4.630000	3.34614e-006
4.632000	3.3451e-006
4.634000	3.3447e-006
4.636000	3.34495e-006
4.638000	3.34581e-006
4.640000	3.34728e-006
4.642000	3.34935e-006
4.644000	3.35198e-006
4.646000	3.35517e-006
4.648000	3.3589e-006
4.650000	3.36315e-006
4.652000	3.3679e-006
4.654000	3.37312e-006
4.656000	3.3788e-006
4.658000	3.38491e-006
4.660000	3.39143e-006
4.662000	3.39834e-006
4.664000	3.40561e-006
4.666000	3.41321e-006
4.668000	3.42113e-006
4.670000	3.42934e-006
4.672000	3.4378e-006
4.674000	3.4465e-006
4.676000	3.4554e-006
4.678000	3.46449e-006
4.680000	3.47373e-006
4.682000	3.48309e-006
4.684000	3.49256e-006
4.686000	3.50209e-006
4.688000	3.51167e-006
4.690000	3.52126e-006
4.692000	3.53085e-006
4.694000	3.54039e-006
4.696000	3.54987e-006
4.698000	3.55926e-006
4.700000	3.56853e-006
4.702000	3.57766e-006
4.704000	3.58661e-006
4.706000	3.59537e-006
4.708000	3.60391e-006
4.710000	3.61221e-006
4.712000	3.62023e-006
4.714000	3.62797e-006
4.716000	3.63539e-006
4.718000	3.64247e-006
4.720000	3.64919e-006
4.722000	3.65554e-006
4.724000	3.66148e-006
4.726000	3.66701e-006
4.728000	3.6721e-006
4.730000	3.67674e-006
4.732000	3.6809e-006
4.734000	3.68458e-006
4.736000	3.68776e-006
4.738000	3.69043e-006
4.740000	3.69256e-006
4.742000	3.69416e-006
4.744000	3.6952e-006
4.746000	3.69569e-006
4.748000	3.6956e-006
4.750000	3.69494e-006
4.752000	3.69369e-006
4.754000	3.69185e-006
4.756000	3.68942e-006
4.758000	3.68639e-006
4.760000	3.68276e-006
4.762000	3.67853e-006
4.764000	3.67369e-006
4.766000	3.66825e-006
4.768000	3.66222e-006
4.770000	3.65558e-006
4.772000	3.64835e-006
4.774000	3.64053e-006
4.776000	3.63213e-006
4.778000	3.62315e-006
4.780000	3.61361e-006
4.782000	3.6035e-006
4.784000	3.59285e-006
4.786000	3.58165e-006
4.788000	3.56993e-006
4.790000	3.5577e-006
4.792000	3.54496e-006
4.794000	3.53174e-006
4.796000	3.51804e-006
4.798000	3.50389e-006
4.800000	3.4893e-006
4.802000	3.47429e-006
4.804000	3.45887e-006
4.806000	3.44307e-006
4.808000	3.4269e-006
4.810000	3.41039e-006
4.812000	3.39356e-006
4.814000	3.37641e-006
4.816000	3.35899e-006
4.818000	3.3413e-006
4.820000	3.32338e-006
4.822000	3.30524e-006
4.824000	3.28691e-006
4.826000	3.26841e-006
4.828000	3.24976e-006
4.830000	3.23099e-006
4.832000	3.21212e-006
4.834000	3.19317e-006
4.836000	3.17418e-006
4.838000	3.15516e-006
4.840000	3.13613e-006
4.842000	3.11713e-006
4.844000	3.09817e-006
4.846000	3.07928e-006
4.848000	3.06049e-006
4.850000	3.0418e-006
4.852000	3.02326e-006
4.854000	3.00488e-006
4.856000	2.98669e-006
4.858000	2.9687e-006
4.860000	2.95094e-006
4.862000	2.93342e-006
4.864000	2.91618e-006
4.866000	2.89923e-006
4.868000	2.88258e-006
4.870000	2.86627e-006
4.872000	2.8503e-006
4.874000	2.8347e-006
4.876000	2.81948e-006
4.878000	2.80466e-006
4.880000	2.79025e-006
4.882000	2.77627e-006
4.884000	2.76273e-006
4.886000	2.74965e-006
4.888000	2.73704e-006
4.890000	2.72492e-006
4.892000	2.71328e-006
4.894000	2.70214e-006
4.896000	2.69152e-006
4.898000	2.68142e-006
4.900000	2.67184e-006
4.902000	2.66279e-006
4.904000	2.65429e-006
4.906000	2.64632e-006
4.908000	2.63891e-006
4.910000	2.63204e-006
4.912000	2.62572e-006
4.914000	2.61996e-006
4.916000	2.61474e-006
4.918000	2.61008e-006
4.920000	2.60597e-006
4.922000	2.6024e-006
4.924000	2.59937e-006
4.926000	2.59688e-006
4.928000	2.59492e-006
4.930000	2.59349e-006
4.932000	2.59257e-006
4.934000	2.59216e-006
4.936000	2.59225e-006
4.938000	2.59283e-006
4.940000	2.59389e-006
4.942000	2.59542e-006
4.944000	2.5974e-006
4.946000	2.59983e-006
4.948000	2.60268e-006
4.950000	2.60595e-006
4.952000	2.60962e-006
4.954000	2.61367e-006
4.956000	2.61809e-006
4.958000	2.62286e-006
4.960000	2.62796e-006
4.962000	2.63338e-006
4.964000	2.63909e-006
4.966000	2.64508e-006
4.968000	2.65134e-006
4.970000	2.65783e-006
4.972000	2.66454e-006
4.974000	2.67145e-006
4.976000	2.67853e-006
4.978000	2.68578e-006
4.980000	2.69316e-006
4.982000	2.70066e-006
4.984000	2.70826e-006
4.986000	2.71593e-006
4.988000	2.72365e-006
4.990000	2.7314e-006
4.992000	2.73917e-006
4.994000	2.74692e-006
4.996000	2.75464e-006
4.998000	2.76231e-006
5.000000	2.76991e-006
5.002000	2.77741e-006
5.004000	2.78479e-006
5.006000	2.79204e-006
5.008000	2.79914e-006
5.010000	2.80606e-006
5.012000	2.81279e-006
5.014000	2.81931e-006
5.016000	2.8256e-006
5.018000	2.83165e-006
5.020000	2.83743e-006
5.022000	2.84293e-006
5.024000	2.84813e-006
5.026000	2.85302e-006
5.028000	2.85758e-006
5.030000	2.8618e-006
5.032000	2.86567e-006
5.034000	2.86917e-006
5.036000	2.87229e-006
5.038000	2.87501e-006
5.040000	2.87734e-006
5.042000	2.87925e-006
5.044000	2.88074e-006
5.046000	2.88179e-006
5.048000	2.88241e-006
5.050000	2.88259e-006
5.052000	2.88231e-006
5.054000	2.88158e-006
5.056000	2.88039e-006
5.058000	2.87873e-006
5.060000	2.8766e-006
5.062000	2.874e-006
5.064000	2.87094e-006
5.066000	2.8674e-006
5.068000	2.86339e-006
5.070000	2.85891e-006
5.072000	2.85397e-006
5.074000	2.84855e-006
5.076000	2.84268e-006
5.078000	2.83636e-006
5.080000	2.82958e-006
5.082000	2.82236e-006
5.084000	2.8147e-006
5.086000	2.80661e-006
5.088000	2.79809e-006
5.090000	2.78917e-006
5.092000	2.77984e-006
5.094000	2.77012e-006
5.096000	2.76002e-006
5.098000	2.74955e-006
5.100000	2.73872e-006
5.102000	2.72755e-006
5.104000	2.71604e-006
5.106000	2.70422e-006
5.108000	2.6921e-006
5.110000	2.67969e-006
5.112000	2.66701e-006
5.114000	2.65407e-006
5.116000	2.64089e-006
5.118000	2.62749e-006
5.120000	2.61389e-006
5.122000	2.6001e-006
5.124000	2.58613e-006
5.126000	2.57202e-006
5.128000	2.55777e-006
5.130000	2.5434e-006
5.132000	2.52894e-006
5.134000	2.5144e-006
5.136000	2.4998e-006
5.138000	2.48516e-006
5.140000	2.47049e-006
5.142000	2.45582e-006
5.144000	2.44117e-006
5.146000	2.42655e-006
5.148000	2.41198e-006
5.150000	2.39748e-006
5.152000	2.38308e-006
5.154000	2.36878e-006
5.156000	2.3546e-006
5.158000	2.34057e-006
5.160000	2.32669e-006
5.162000	2.313e-006
5.164000	2.29949e-006
5.166000	2.2862e-006
5.168000	2.27313e-006
5.170000	2.26031e-006
5.172000	2.24774e-006
5.174000	2.23544e-006
5.176000	2.22342e-006
5.178000	2.2117e-006
5.180000	2.2003e-006
5.182000	2.18921e-006
5.184000	2.17846e-006
5.186000	2.16806e-006
5.188000	2.15802e-006
5.190000	2.14834e-006
5.192000	2.13904e-006
5.194000	2.13012e-006
5.196000	2.12159e-006
5.198000	2.11347e-006
5.200000	2.10575e-006
5.202000	2.09844e-006
5.204000	2.09156e-006
5.206000	2.08509e-006
5.208000	2.07905e-006
5.210000	2.07343e-006
5.212000	2.06825e-006
5.214000	2.0635e-006
5.216000	2.05918e-006
5.218000	2.05529e-006
5.220000	2.05184e-006
5.222000	2.04882e-006
5.224000	2.04622e-006
5.226000	2.04405e-006
5.228000	2.0423e-006
5.230000	2.04097e-006
5.232000	2.04005e-006
5.234000	2.03954e-006
5.236000	2.03943e-006
5.238000	2.03971e-006
5.240000	2.04037e-006
5.242000	2.04141e-006
5.244000	2.04282e-006
5.246000	2.04459e-006
5.248000	2.04671e-006
5.250000	2.04916e-006
5.252000	2.05194e-006
5.254000	2.05504e-006
5.256000	2.05844e-006
5.258000	2.06213e-006
5.260000	2.06609e-006
5.262000	2.07032e-006
5.264000	2.07479e-006
5.266000	2.0795e-006
5.268000	2.08443e-006
5.270000	2.08957e-006
5.272000	2.09489e-006
5.274000	2.10039e-006
5.276000	2.10604e-006
5.278000	2.11184e-006
5.280000	2.11777e-006
5.282000	2.1238e-006
5.284000	2.12993e-006
5.286000	2.13613e-006
5.288000	2.14239e-006
5.290000	2.14869e-006
5.292000	2.15502e-006
5.294000	2.16136e-006
5.296000	2.16769e-006
5.298000	2.174e-006
5.300000	2.18027e-006
5.302000	2.18648e-006
5.304000	2.19262e-006
5.306000	2.19867e-006
5.308000	2.20461e-006
5.310000	2.21043e-006
5.312000	2.21612e-006
5.314000	2.22166e-006
5.316000	2.22703e-006
5.318000	2.23222e-006
5.320000	2.23721e-006
5.322000	2.242e-006
5.324000	2.24657e-006
5.326000	2.25091e-006
5.328000	2.25499e-006
5.330000	2.25883e-006
5.332000	2.26239e-006
5.334000	2.26567e-006
5.336000	2.26866e-006
5.338000	2.27136e-006
5.340000	2.27374e-006
5.342000	2.2758e-006
5.344000	2.27754e-006
5.346000	2.27895e-006
5.348000	2.28002e-006
5.350000	2.28074e-006
5.352000	2.2811e-006
5.354000	2.28111e-006
5.356000	2.28076e-006
5.358000	2.28005e-006
5.360000	2.27896e-006
5.362000	2.27751e-006
5.364000	2.27568e-006
5.366000	2.27348e-006
5.368000	2.27091e-006
5.370000	2.26796e-006
5.372000	2.26464e-006
5.374000	2.26095e-006
5.376000	2.25689e-006
5.378000	2.25247e-006
5.380000	2.24768e-006
5.382000	2.24253e-006
5.384000	2.23704e-006
5.386000	2.23119e-006
5.388000	2.225e-006
5.390000	2.21847e-006
5.392000	2.21161e-006
5.394000	2.20444e-006
5.396000	2.19695e-006
5.398000	2.18915e-006
5.400000	2.18106e-006
5.402000	2.17269e-006
5.404000	2.16403e-006
5.406000	2.15512e-006
5.408000	2.14595e-006
5.410000	2.13654e-006
5.412000	2.12689e-006
5.414000	2.11703e-006
5.416000	2.10696e-006
5.418000	2.0967e-006
5.420000	2.08626e-006
5.422000	2.07566e-006
5.424000	2.0649e-006
5.426000	2.054e-006
5.428000	2.04298e-006
5.430000	2.03185e-006
5.432000	2.02063e-006
5.434000	2.00932e-006
5.436000	1.99795e-006
5.438000	1.98652e-006
5.440000	1.97506e-006
5.442000	1.96358e-006
5.444000	1.95209e-006
5.446000	1.94061e-006
5.448000	1.92915e-006
5.450000	1.91773e-006
5.452000	1.90637e-006
5.454000	1.89507e-006
5.456000	1.88385e-006
5.458000	1.87273e-006
5.460000	1.86172e-006
5.462000	1.85083e-006
5.464000	1.84008e-006
5.466000	1.82948e-006
5.468000	1.81904e-006
5.470000	1.80878e-006
5.472000	1.7987e-006
5.474000	1.78883e-006
5.476000	1.77917e-006
5.478000	1.76974e-006
5.480000	1.76053e-006
5.482000	1.75157e-006
5.484000	1.74287e-006
5.486000	1.73443e-006
5.488000	1.72626e-006
5.490000	1.71838e-006
5.492000	1.71078e-006
5.494000	1.70348e-006
5.496000	1.69649e-006
5.498000	1.68981e-006
5.500000	1.68344e-006
5.502000	1.67739e-006
5.504000	1.67167e-006
5.506000	1.66628e-006
5.508000	1.66123e-006
5.510000	1.65651e-006
5.512000	1.65214e-006
5.514000	1.6481e-006
5.516000	1.64441e-006
5.518000	1.64107e-006
5.520000	1.63806e-006
5.522000	1.6354e-006
5.524000	1.63309e-006
5.526000	1.63111e-006
5.528000	1.62948e-006
5.530000	1.62818e-006
5.532000	1.62721e-006
5.534000	1.62657e-006
5.536000	1.62626e-006
5.538000	1.62626e-006
5.540000	1.62658e-006
5.542000	1.62721e-006
5.544000	1.62814e-006
5.546000	1.62937e-006
5.548000	1.63088e-006
5.550000	1.63267e-006
5.552000	1.63473e-006
5.554000	1.63706e-006
5.556000	1.63963e-006
5.558000	1.64245e-006
5.560000	1.64551e-006
5.562000	1.64878e-006
5.564000	1.65227e-006
5.566000	1.65596e-006
5.568000	1.65984e-006
5.570000	1.6639e-006
5.572000	1.66812e-006
5.574000	1.6725e-006
5.576000	1.67702e-006
5.578000	1.68166e-006
5.580000	1.68643e-006
5.582000	1.6913e-006
5.584000	1.69625e-006
5.586000	1.70129e-006
5.588000	1.70639e-006
5.590000	1.71153e-006
5.592000	1.71672e-006
5.594000	1.72193e-006
5.596000	1.72715e-006
5.598000	1.73237e-006
5.600000	1.73757e-006
5.602000	1.74274e-006
5.604000	1.74787e-006
5.606000	1.75295e-006
5.608000	1.75795e-006
5.610000	1.76288e-006
5.612000	1.76771e-006
5.614000	1.77243e-006
5.616000	1.77704e-006
5.618000	1.78152e-006
5.620000	1.78585e-006
5.622000	1.79004e-006
5.624000	1.79406e-006
5.626000	1.79791e-006
5.628000	1.80157e-006
5.630000	1.80503e-006
5.632000	1.8083e-006
5.634000	1.81135e-006
5.636000	1.81417e-006
5.638000	1.81677e-006
5.640000	1.81913e-006
5.642000	1.82124e-006
5.644000	1.8231e-006
5.646000	1.8247e-006
5.648000	1.82604e-006
5.650000	1.8271e-006
5.652000	1.82789e-006
5.654000	1.82839e-006
5.656000	1.82861e-006
5.658000	1.82854e-006
5.660000	1.82818e-006
5.662000	1.82752e-006
5.664000	1.82657e-006
5.666000	1.82532e-006
5.668000	1.82376e-006
5.670000	1.82191e-006
5.672000	1.81976e-006
5.674000	1.81731e-006
5.676000	1.81456e-006
5.678000	1.81151e-006
5.680000	1.80817e-006
5.682000	1.80454e-006
5.684000	1.80062e-006
5.686000	1.79641e-006
5.688000	1.79192e-006
5.690000	1.78715e-006
5.692000	1.78212e-006
5.694000	1.77681e-006
5.696000	1.77125e-006
5.698000	1.76543e-006
5.700000	1.75936e-006
5.702000	1.75306e-006
5.704000	1.74652e-006
5.706000	1.73976e-006
5.708000	1.73278e-006
5.710000	1.72559e-006
5.712000	1.71821e-006
5.714000	1.71064e-006
5.716000	1.70289e-006
5.718000	1.69497e-006
5.720000	1.68689e-006
5.722000	1.67866e-006
5.724000	1.6703e-006
5.726000	1.6618e-006
5.728000	1.6532e-006
5.730000	1.64449e-006
5.732000	1.63568e-006
5.734000	1.6268e-006
5.736000	1.61784e-006
5.738000	1.60883e-006
5.740000	1.59978e-006
5.742000	1.59068e-006
5.744000	1.58157e-006
5.746000	1.57245e-006
5.748000	1.56333e-006
5.750000	1.55422e-006
5.752000	1.54514e-006
5.754000	1.5361e-006
5.756000	1.52711e-006
5.758000	1.51818e-006
5.760000	1.50932e-006
5.762000	1.50055e-006
5.764000	1.49187e-006
5.766000	1.48329e-006
5.768000	1.47484e-006
5.770000	1.46651e-006
5.772000	1.45832e-006
5.774000	1.45028e-006
5.776000	1.44239e-006
5.778000	1.43467e-006
5.780000	1.42713e-006
5.782000	1.41977e-006
5.784000	1.41261e-006
5.786000	1.40565e-006
5.788000	1.3989e-006
5.790000	1.39236e-006
5.792000	1.38605e-006
5.794000	1.37997e-006
5.796000	1.37413e-006
5.798000	1.36853e-006
5.800000	1.36318e-006
5.802000	1.35808e-006
5.804000	1.35323e-006
5.806000	1.34865e-006
5.808000	1.34434e-006
5.810000	1.34029e-006
5.812000	1.33651e-006
5.814000	1.33301e-006
5.816000	1.32978e-006
5.818000	1.32683e-006
5.820000	1.32415e-006
5.822000	1.32175e-006
5.824000	1.31963e-006
5.826000	1.31778e-006
5.828000	1.31621e-006
5.830000	1.31492e-006
5.832000	1.31389e-006
5.834000	1.31314e-006
5.836000	1.31265e-006
5.838000	1.31242e-006
5.840000	1.31245e-006
5.842000	1.31274e-006
5.844000	1.31328e-006
5.846000	1.31406e-006
5.848000	1.31509e-006
5.850000	1.31634e-006
5.852000	1.31783e-006
5.854000	1.31953e-006
5.856000	1.32145e-006
5.858000	1.32358e-006
5.860000	1.32591e-006
5.862000	1.32842e-006
5.864000	1.33112e-006
5.866000	1.334e-006
5.868000	1.33703e-006
5.870000	1.34023e-006
5.872000	1.34357e-006
5.874000	1.34705e-006
5.876000	1.35066e-006
5.878000	1.35439e-006
5.880000	1.35822e-006
5.882000	1.36216e-006
5.884000	1.36617e-006
5.886000	1.37027e-006
5.888000	1.37443e-006
5.890000	1.37865e-006
5.892000	1.38291e-006
5.894000	1.38721e-006
5.896000	1.39153e-006
5.898000	1.39586e-006
5.900000	1.4002e-006
5.902000	1.40452e-006
5.904000	1.40882e-006
5.906000	1.4131e-006
5.908000	1.41733e-006
5.910000	1.42151e-006
5.912000	1.42563e-006
5.914000	1.42968e-006
5.916000	1.43365e-006
5.918000	1.43752e-006
5.920000	1.4413e-006
5.922000	1.44496e-006
5.924000	1.4485e-006
5.926000	1.45191e-006
5.928000	1.45519e-006
5.930000	1.45832e-006
5.932000	1.46129e-006
5.934000	1.4641e-006
5.936000	1.46675e-006
5.938000	1.46921e-006
5.940000	1.47149e-006
5.942000	1.47358e-006
5.944000	1.47547e-006
5.946000	1.47716e-006
5.948000	1.47864e-006
5.950000	1.47991e-006
5.952000	1.48096e-006
5.954000	1.48178e-006
5.956000	1.48238e-006
5.958000	1.48275e-006
5.960000	1.48288e-006
5.962000	1.48278e-006
5.964000	1.48244e-006
5.966000	1.48186e-006
5.968000	1.48104e-006
5.970000	1.47997e-006
5.972000	1.47867e-006
5.974000	1.47711e-006
5.976000	1.47532e-006
5.978000	1.47328e-006
5.980000	1.471e-006
5.982000	1.46848e-006
5.984000	1.46572e-006
5.986000	1.46272e-006
5.988000	1.45949e-006
5.990000	1.45604e-006
5.992000	1.45235e-006
5.994000	1.44844e-006
5.996000	1.44432e-006
5.998000	1.43997e-006
6.000000	1.43543e-006
