0.006000	0.00110606
0.008000	0.00110568
0.010000	0.00110544
0.012000	0.00110505
0.014000	0.0011047
0.016000	0.00110431
0.018000	0.00110393
0.020000	0.00110354
0.022000	0.00110316
0.024000	0.00110277
0.026000	0.00110239
0.028000	0.001102
0.030000	0.00110162
0.032000	0.00110123
0.034000	0.00110085
0.036000	0.00110046
0.038000	0.00110008
0.040000	0.00109969
0.042000	0.00109931
0.044000	0.00109892
0.046000	0.00109854
0.048000	0.00109815
0.050000	0.00109777
0.052000	0.00109738
0.054000	0.001097
0.056000	0.00109661
0.058000	0.00109622
0.060000	0.00109584
0.062000	0.00109545
0.064000	0.00109506
0.066000	0.00109468
0.068000	0.00109429
0.070000	0.0010939
0.072000	0.00109352
0.074000	0.00109313
0.076000	0.00109274
0.078000	0.00109235
0.080000	0.00109196
0.082000	0.00109158
0.084000	0.00109119
0.086000	0.0010908
0.088000	0.00109041
0.090000	0.00109002
0.092000	0.00108963
0.094000	0.00108924
0.096000	0.00108885
0.098000	0.00108845
0.100000	0.00108806
0.102000	0.00108767
0.104000	0.00108728
0.106000	0.00108689
0.108000	0.00108649
0.110000	0.0010861
0.112000	0.0010857
0.114000	0.00108531
0.116000	0.00108491
0.118000	0.00108452
0.120000	0.00108412
0.122000	0.00108373
0.124000	0.00108333
0.126000	0.00108293
0.128000	0.00108253
0.130000	0.00108213
0.132000	0.00108173
0.134000	0.00108133
0.136000	0.00108093
0.138000	0.00108053
0.140000	0.00108013
0.142000	0.00107973
0.144000	0.00107933
0.146000	0.00107892
0.148000	0.00107852
0.150000	0.00107811
0.152000	0.00107771
0.154000	0.0010773
0.156000	0.00107689
0.158000	0.00107649
0.160000	0.00107608
0.162000	0.00107567
0.164000	0.00107526
0.166000	0.00107485
0.168000	0.00107443
0.170000	0.00107402
0.172000	0.00107361
0.174000	0.00107319
0.176000	0.00107278
0.178000	0.00107236
0.180000	0.00107195
0.182000	0.00107153
0.184000	0.00107111
0.186000	0.00107069
0.188000	0.00107027
0.190000	0.00106985
0.192000	0.00106942
0.194000	0.001069
0.196000	0.00106858
0.198000	0.00106815
0.200000	0.00106772
0.202000	0.0010673
0.204000	0.00106687
0.206000	0.00106644
0.208000	0.00106601
0.210000	0.00106557
0.212000	0.00106514
0.214000	0.00106471
0.216000	0.00106427
0.218000	0.00106383
0.220000	0.00106339
0.222000	0.00106296
0.224000	0.00106251
0.226000	0.00106207
0.228000	0.00106163
0.230000	0.00106118
0.232000	0.00106074
0.234000	0.00106029
0.236000	0.00105984
0.238000	0.00105939
0.240000	0.00105894
0.242000	0.00105849
0.244000	0.00105803
0.246000	0.00105758
0.248000	0.00105712
0.250000	0.00105666
0.252000	0.0010562
0.254000	0.00105574
0.256000	0.00105527
0.258000	0.00105481
0.260000	0.00105434
0.262000	0.00105387
0.264000	0.0010534
0.266000	0.00105293
0.268000	0.00105245
0.270000	0.00105198
0.272000	0.0010515
0.274000	0.00105102
0.276000	0.00105054
0.278000	0.00105005
0.280000	0.00104957
0.282000	0.00104908
0.284000	0.00104859
0.286000	0.0010481
0.288000	0.00104761
0.290000	0.00104711
0.292000	0.00104661
0.294000	0.00104612
0.296000	0.00104561
0.298000	0.00104511
0.300000	0.0010446
0.302000	0.00104409
0.304000	0.00104358
0.306000	0.00104307
0.308000	0.00104255
0.310000	0.00104204
0.312000	0.00104152
0.314000	0.00104099
0.316000	0.00104047
0.318000	0.00103994
0.320000	0.00103941
0.322000	0.00103888
0.324000	0.00103834
0.326000	0.0010378
0.328000	0.00103726
0.330000	0.00103672
0.332000	0.00103617
0.334000	0.00103562
0.336000	0.00103507
0.338000	0.00103451
0.340000	0.00103395
0.342000	0.00103339
0.344000	0.00103282
0.346000	0.00103225
0.348000	0.00103168
0.350000	0.00103111
0.352000	0.00103053
0.354000	0.00102995
0.356000	0.00102936
0.358000	0.00102877
0.360000	0.00102818
0.362000	0.00102759
0.364000	0.00102699
0.366000	0.00102638
0.368000	0.00102578
0.370000	0.00102516
0.372000	0.00102455
0.374000	0.00102393
0.376000	0.00102331
0.378000	0.00102268
0.380000	0.00102205
0.382000	0.00102141
0.384000	0.00102077
0.386000	0.00102013
0.388000	0.00101948
0.390000	0.00101883
0.392000	0.00101817
0.394000	0.0010175
0.396000	0.00101684
0.398000	0.00101616
0.400000	0.00101549
0.402000	0.0010148
0.404000	0.00101412
0.406000	0.00101342
0.408000	0.00101272
0.410000	0.00101202
0.412000	0.00101131
0.414000	0.00101059
0.416000	0.00100987
0.418000	0.00100914
0.420000	0.00100841
0.422000	0.00100767
0.424000	0.00100692
0.426000	0.00100617
0.428000	0.00100541
0.430000	0.00100465
0.432000	0.00100387
0.434000	0.00100309
0.436000	0.00100231
0.438000	0.00100151
0.440000	0.00100071
0.442000	0.000999903
0.444000	0.000999087
0.446000	0.000998262
0.448000	0.00099743
0.450000	0.000996589
0.452000	0.00099574
0.454000	0.000994882
0.456000	0.000994016
0.458000	0.00099314
0.460000	0.000992256
0.462000	0.000991362
0.464000	0.000990458
0.466000	0.000989545
0.468000	0.000988621
0.470000	0.000987688
0.472000	0.000986744
0.474000	0.000985789
0.476000	0.000984823
0.478000	0.000983845
0.480000	0.000982856
0.482000	0.000981856
0.484000	0.000980843
0.486000	0.000979817
0.488000	0.000978779
0.490000	0.000977728
0.492000	0.000976663
0.494000	0.000975584
0.496000	0.000974492
0.498000	0.000973384
0.500000	0.000972262
0.502000	0.000971124
0.504000	0.00096997
0.506000	0.0009688
0.508000	0.000967614
0.510000	0.00096641
0.512000	0.000965188
0.514000	0.000963948
0.516000	0.00096269
0.518000	0.000961412
0.520000	0.000960114
0.522000	0.000958795
0.524000	0.000957455
0.526000	0.000956094
0.528000	0.000954709
0.530000	0.000953302
0.532000	0.00095187
0.534000	0.000950413
0.536000	0.00094893
0.538000	0.000947421
0.540000	0.000945884
0.542000	0.000944318
0.544000	0.000942723
0.546000	0.000941097
0.548000	0.000939439
0.550000	0.000937748
0.552000	0.000936022
0.554000	0.000934261
0.556000	0.000932462
0.558000	0.000930625
0.560000	0.000928747
0.562000	0.000926828
0.564000	0.000924864
0.566000	0.000922855
0.568000	0.000920799
0.570000	0.000918692
0.572000	0.000916533
0.574000	0.00091432
0.576000	0.000912049
0.578000	0.000909718
0.580000	0.000907324
0.582000	0.000904864
0.584000	0.000902334
0.586000	0.00089973
0.588000	0.00089705
0.590000	0.000894287
0.592000	0.000891438
0.594000	0.000888497
0.596000	0.000885459
0.598000	0.000882319
0.600000	0.000879068
0.602000	0.000875702
0.604000	0.00087221
0.606000	0.000868587
0.608000	0.00086482
0.610000	0.000860902
0.612000	0.00085682
0.614000	0.000852562
0.616000	0.000848114
0.618000	0.000843461
0.620000	0.000838586
0.622000	0.000833469
0.624000	0.000828092
0.626000	0.000822429
0.628000	0.000816456
0.630000	0.000810144
0.632000	0.000803462
0.634000	0.000796377
0.636000	0.000788851
0.638000	0.000780846
0.640000	0.000772324
0.642000	0.000763243
0.644000	0.000753567
0.646000	0.000743264
0.648000	0.000732309
0.650000	0.000720688
0.652000	0.000708402
0.654000	0.000695469
0.656000	0.000681923
0.658000	0.000667816
0.660000	0.000653214
0.662000	0.000638195
0.664000	0.000622842
0.666000	0.00060724
0.668000	0.000591471
0.670000	0.00057561
0.672000	0.000559725
0.674000	0.000543875
0.676000	0.000528108
0.678000	0.000512467
0.680000	0.000496987
0.682000	0.000481698
0.684000	0.000466624
0.686000	0.000451787
0.688000	0.000437205
0.690000	0.000422896
0.692000	0.000408874
0.694000	0.000395151
0.696000	0.000381742
0.698000	0.000368654
0.700000	0.000355899
0.702000	0.000343484
0.704000	0.000331417
0.706000	0.000319703
0.708000	0.000308346
0.710000	0.000297352
0.712000	0.00028672
0.714000	0.000276454
0.716000	0.000266553
0.718000	0.000257016
0.720000	0.00024784
0.722000	0.000239023
0.724000	0.000230561
0.726000	0.000222449
0.728000	0.00021468
0.730000	0.000207249
0.732000	0.000200147
0.734000	0.000193368
0.736000	0.000186903
0.738000	0.000180742
0.740000	0.000174877
0.742000	0.000169298
0.744000	0.000163995
0.746000	0.000158959
0.748000	0.000154178
0.750000	0.000149642
0.752000	0.000145342
0.754000	0.000141267
0.756000	0.000137407
0.758000	0.000133751
0.760000	0.00013029
0.762000	0.000127014
0.764000	0.000123914
0.766000	0.000120979
0.768000	0.000118201
0.770000	0.000115571
0.772000	0.00011308
0.774000	0.000110721
0.776000	0.000108484
0.778000	0.000106363
0.780000	0.000104351
0.782000	0.000102439
0.784000	0.000100622
0.786000	9.88922e-005
0.788000	9.72445e-005
0.790000	9.56729e-005
0.792000	9.41717e-005
0.794000	9.27357e-005
0.796000	9.13601e-005
0.798000	9.004e-005
0.800000	8.87713e-005
0.802000	8.75496e-005
0.804000	8.63712e-005
0.806000	8.52324e-005
0.808000	8.41298e-005
0.810000	8.30602e-005
0.812000	8.20207e-005
0.814000	8.10085e-005
0.816000	8.00211e-005
0.818000	7.90561e-005
0.820000	7.81112e-005
0.822000	7.71846e-005
0.824000	7.62742e-005
0.826000	7.53786e-005
0.828000	7.44959e-005
0.830000	7.3625e-005
0.832000	7.27644e-005
0.834000	7.1913e-005
0.836000	7.10698e-005
0.838000	7.02337e-005
0.840000	6.94041e-005
0.842000	6.85801e-005
0.844000	6.77611e-005
0.846000	6.69465e-005
0.848000	6.61359e-005
0.850000	6.53288e-005
0.852000	6.45249e-005
0.854000	6.37238e-005
0.856000	6.29255e-005
0.858000	6.21297e-005
0.860000	6.13362e-005
0.862000	6.05451e-005
0.864000	5.97563e-005
0.866000	5.89698e-005
0.868000	5.81857e-005
0.870000	5.7404e-005
0.872000	5.66248e-005
0.874000	5.58484e-005
0.876000	5.50747e-005
0.878000	5.43041e-005
0.880000	5.35368e-005
0.882000	5.27728e-005
0.884000	5.20126e-005
0.886000	5.12562e-005
0.888000	5.0504e-005
0.890000	4.97562e-005
0.892000	4.90131e-005
0.894000	4.82749e-005
0.896000	4.75419e-005
0.898000	4.68144e-005
0.900000	4.60927e-005
0.902000	4.5377e-005
0.904000	4.46676e-005
0.906000	4.39648e-005
0.908000	4.32688e-005
0.910000	4.25799e-005
0.912000	4.18983e-005
0.914000	4.12243e-005
0.916000	4.05581e-005
0.918000	3.99e-005
0.920000	3.92501e-005
0.922000	3.86087e-005
0.924000	3.79759e-005
0.926000	3.7352e-005
0.928000	3.67371e-005
0.930000	3.61314e-005
0.932000	3.5535e-005
0.934000	3.49481e-005
0.936000	3.43709e-005
0.938000	3.38034e-005
0.940000	3.32457e-005
0.942000	3.2698e-005
0.944000	3.21604e-005
0.946000	3.16328e-005
0.948000	3.11154e-005
0.950000	3.06082e-005
0.952000	3.01112e-005
0.954000	2.96245e-005
0.956000	2.9148e-005
0.958000	2.86819e-005
0.960000	2.8226e-005
0.962000	2.77804e-005
0.964000	2.73449e-005
0.966000	2.69197e-005
0.968000	2.65046e-005
0.970000	2.60995e-005
0.972000	2.57044e-005
0.974000	2.53192e-005
0.976000	2.49438e-005
0.978000	2.45781e-005
0.980000	2.42221e-005
0.982000	2.38755e-005
0.984000	2.35383e-005
0.986000	2.32103e-005
0.988000	2.28915e-005
0.990000	2.25815e-005
0.992000	2.22804e-005
0.994000	2.1988e-005
0.996000	2.1704e-005
0.998000	2.14283e-005
1.000000	2.11609e-005
1.002000	2.09013e-005
1.004000	2.06496e-005
1.006000	2.04055e-005
1.008000	2.01689e-005
1.010000	1.99395e-005
1.012000	1.97171e-005
1.014000	1.95016e-005
1.016000	1.92928e-005
1.018000	1.90905e-005
1.020000	1.88944e-005
1.022000	1.87045e-005
1.024000	1.85204e-005
1.026000	1.8342e-005
1.028000	1.81691e-005
1.030000	1.80015e-005
1.032000	1.78389e-005
1.034000	1.76813e-005
1.036000	1.75284e-005
1.038000	1.738e-005
1.040000	1.7236e-005
1.042000	1.7096e-005
1.044000	1.69601e-005
1.046000	1.68278e-005
1.048000	1.66992e-005
1.050000	1.6574e-005
1.052000	1.6452e-005
1.054000	1.6333e-005
1.056000	1.6217e-005
1.058000	1.61036e-005
1.060000	1.59928e-005
1.062000	1.58845e-005
1.064000	1.57783e-005
1.066000	1.56743e-005
1.068000	1.55721e-005
1.070000	1.54718e-005
1.072000	1.53732e-005
1.074000	1.5276e-005
1.076000	1.51803e-005
1.078000	1.50858e-005
1.080000	1.49925e-005
1.082000	1.49002e-005
1.084000	1.48088e-005
1.086000	1.47182e-005
1.088000	1.46283e-005
1.090000	1.4539e-005
1.092000	1.44503e-005
1.094000	1.43619e-005
1.096000	1.42739e-005
1.098000	1.41861e-005
1.100000	1.40985e-005
1.102000	1.4011e-005
1.104000	1.39235e-005
1.106000	1.38359e-005
1.108000	1.37483e-005
1.110000	1.36606e-005
1.112000	1.35726e-005
1.114000	1.34844e-005
1.116000	1.33958e-005
1.118000	1.3307e-005
1.120000	1.32177e-005
1.122000	1.31281e-005
1.124000	1.30381e-005
1.126000	1.29475e-005
1.128000	1.28566e-005
1.130000	1.27651e-005
1.132000	1.26731e-005
1.134000	1.25806e-005
1.136000	1.24876e-005
1.138000	1.2394e-005
1.140000	1.22999e-005
1.142000	1.22053e-005
1.144000	1.21101e-005
1.146000	1.20145e-005
1.148000	1.19183e-005
1.150000	1.18216e-005
1.152000	1.17245e-005
1.154000	1.16269e-005
1.156000	1.15288e-005
1.158000	1.14303e-005
1.160000	1.13314e-005
1.162000	1.12321e-005
1.164000	1.11325e-005
1.166000	1.10325e-005
1.168000	1.09323e-005
1.170000	1.08317e-005
1.172000	1.0731e-005
1.174000	1.063e-005
1.176000	1.05289e-005
1.178000	1.04277e-005
1.180000	1.03263e-005
1.182000	1.02249e-005
1.184000	1.01235e-005
1.186000	1.00221e-005
1.188000	9.92079e-006
1.190000	9.81955e-006
1.192000	9.71845e-006
1.194000	9.61753e-006
1.196000	9.51682e-006
1.198000	9.41638e-006
1.200000	9.31624e-006
1.202000	9.21643e-006
1.204000	9.11701e-006
1.206000	9.018e-006
1.208000	8.91946e-006
1.210000	8.82141e-006
1.212000	8.7239e-006
1.214000	8.62696e-006
1.216000	8.53064e-006
1.218000	8.43497e-006
1.220000	8.33999e-006
1.222000	8.24573e-006
1.224000	8.15222e-006
1.226000	8.05951e-006
1.228000	7.96762e-006
1.230000	7.87659e-006
1.232000	7.78644e-006
1.234000	7.69722e-006
1.236000	7.60894e-006
1.238000	7.52164e-006
1.240000	7.43533e-006
1.242000	7.35006e-006
1.244000	7.26584e-006
1.246000	7.1827e-006
1.248000	7.10066e-006
1.250000	7.01973e-006
1.252000	6.93995e-006
1.254000	6.86132e-006
1.256000	6.78387e-006
1.258000	6.7076e-006
1.260000	6.63255e-006
1.262000	6.55871e-006
1.264000	6.4861e-006
1.266000	6.41474e-006
1.268000	6.34462e-006
1.270000	6.27577e-006
1.272000	6.20818e-006
1.274000	6.14185e-006
1.276000	6.07681e-006
1.278000	6.01304e-006
1.280000	5.95055e-006
1.282000	5.88934e-006
1.284000	5.82941e-006
1.286000	5.77076e-006
1.288000	5.71338e-006
1.290000	5.65726e-006
1.292000	5.60241e-006
1.294000	5.54882e-006
1.296000	5.49647e-006
1.298000	5.44537e-006
1.300000	5.39549e-006
1.302000	5.34683e-006
1.304000	5.29937e-006
1.306000	5.25311e-006
1.308000	5.20802e-006
1.310000	5.1641e-006
1.312000	5.12133e-006
1.314000	5.07968e-006
1.316000	5.03915e-006
1.318000	4.99972e-006
1.320000	4.96136e-006
1.322000	4.92405e-006
1.324000	4.88779e-006
1.326000	4.85253e-006
1.328000	4.81827e-006
1.330000	4.78498e-006
1.332000	4.75264e-006
1.334000	4.72123e-006
1.336000	4.69071e-006
1.338000	4.66107e-006
1.340000	4.63229e-006
1.342000	4.60433e-006
1.344000	4.57717e-006
1.346000	4.55079e-006
1.348000	4.52517e-006
1.350000	4.50026e-006
1.352000	4.47606e-006
1.354000	4.45253e-006
1.356000	4.42965e-006
1.358000	4.40739e-006
1.360000	4.38572e-006
1.362000	4.36463e-006
1.364000	4.34407e-006
1.366000	4.32403e-006
1.368000	4.30448e-006
1.370000	4.2854e-006
1.372000	4.26675e-006
1.374000	4.24852e-006
1.376000	4.23067e-006
1.378000	4.21319e-006
1.380000	4.19604e-006
1.382000	4.17921e-006
1.384000	4.16266e-006
1.386000	4.14638e-006
1.388000	4.13035e-006
1.390000	4.11453e-006
1.392000	4.09891e-006
1.394000	4.08346e-006
1.396000	4.06816e-006
1.398000	4.053e-006
1.400000	4.03794e-006
1.402000	4.02298e-006
1.404000	4.00809e-006
1.406000	3.99325e-006
1.408000	3.97844e-006
1.410000	3.96365e-006
1.412000	3.94885e-006
1.414000	3.93404e-006
1.416000	3.91919e-006
1.418000	3.90429e-006
1.420000	3.88933e-006
1.422000	3.87428e-006
1.424000	3.85914e-006
1.426000	3.8439e-006
1.428000	3.82854e-006
1.430000	3.81304e-006
1.432000	3.79741e-006
1.434000	3.78162e-006
1.436000	3.76567e-006
1.438000	3.74956e-006
1.440000	3.73326e-006
1.442000	3.71678e-006
1.444000	3.7001e-006
1.446000	3.68322e-006
1.448000	3.66614e-006
1.450000	3.64885e-006
1.452000	3.63134e-006
1.454000	3.61361e-006
1.456000	3.59566e-006
1.458000	3.57748e-006
1.460000	3.55908e-006
1.462000	3.54044e-006
1.464000	3.52158e-006
1.466000	3.50249e-006
1.468000	3.48317e-006
1.470000	3.46362e-006
1.472000	3.44384e-006
1.474000	3.42384e-006
1.476000	3.40361e-006
1.478000	3.38317e-006
1.480000	3.3625e-006
1.482000	3.34163e-006
1.484000	3.32054e-006
1.486000	3.29925e-006
1.488000	3.27777e-006
1.490000	3.25609e-006
1.492000	3.23422e-006
1.494000	3.21218e-006
1.496000	3.18996e-006
1.498000	3.16757e-006
1.500000	3.14502e-006
1.502000	3.12233e-006
1.504000	3.09948e-006
1.506000	3.07651e-006
1.508000	3.05341e-006
1.510000	3.03019e-006
1.512000	3.00686e-006
1.514000	2.98343e-006
1.516000	2.95992e-006
1.518000	2.93632e-006
1.520000	2.91265e-006
1.522000	2.88893e-006
1.524000	2.86515e-006
1.526000	2.84133e-006
1.528000	2.81749e-006
1.530000	2.79362e-006
1.532000	2.76974e-006
1.534000	2.74587e-006
1.536000	2.72201e-006
1.538000	2.69817e-006
1.540000	2.67436e-006
1.542000	2.6506e-006
1.544000	2.62689e-006
1.546000	2.60325e-006
1.548000	2.57968e-006
1.550000	2.55619e-006
1.552000	2.5328e-006
1.554000	2.50952e-006
1.556000	2.48635e-006
1.558000	2.4633e-006
1.560000	2.44039e-006
1.562000	2.41762e-006
1.564000	2.39501e-006
1.566000	2.37255e-006
1.568000	2.35027e-006
1.570000	2.32817e-006
1.572000	2.30625e-006
1.574000	2.28453e-006
1.576000	2.26302e-006
1.578000	2.24172e-006
1.580000	2.22063e-006
1.582000	2.19978e-006
1.584000	2.17916e-006
1.586000	2.15878e-006
1.588000	2.13864e-006
1.590000	2.11877e-006
1.592000	2.09915e-006
1.594000	2.07979e-006
1.596000	2.06071e-006
1.598000	2.0419e-006
1.600000	2.02337e-006
1.602000	2.00512e-006
1.604000	1.98717e-006
1.606000	1.9695e-006
1.608000	1.95213e-006
1.610000	1.93506e-006
1.612000	1.9183e-006
1.614000	1.90183e-006
1.616000	1.88568e-006
1.618000	1.86983e-006
1.620000	1.85429e-006
1.622000	1.83906e-006
1.624000	1.82414e-006
1.626000	1.80954e-006
1.628000	1.79525e-006
1.630000	1.78127e-006
1.632000	1.76761e-006
1.634000	1.75425e-006
1.636000	1.74121e-006
1.638000	1.72848e-006
1.640000	1.71606e-006
1.642000	1.70394e-006
1.644000	1.69213e-006
1.646000	1.68062e-006
1.648000	1.6694e-006
1.650000	1.65849e-006
1.652000	1.64787e-006
1.654000	1.63754e-006
1.656000	1.62749e-006
1.658000	1.61773e-006
1.660000	1.60825e-006
1.662000	1.59904e-006
1.664000	1.5901e-006
1.666000	1.58143e-006
1.668000	1.57302e-006
1.670000	1.56486e-006
1.672000	1.55695e-006
1.674000	1.54929e-006
1.676000	1.54186e-006
1.678000	1.53467e-006
1.680000	1.52771e-006
1.682000	1.52097e-006
1.684000	1.51444e-006
1.686000	1.50812e-006
1.688000	1.502e-006
1.690000	1.49608e-006
1.692000	1.49035e-006
1.694000	1.4848e-006
1.696000	1.47943e-006
1.698000	1.47422e-006
1.700000	1.46918e-006
1.702000	1.4643e-006
1.704000	1.45956e-006
1.706000	1.45496e-006
1.708000	1.4505e-006
1.710000	1.44616e-006
1.712000	1.44194e-006
1.714000	1.43784e-006
1.716000	1.43384e-006
1.718000	1.42994e-006
1.720000	1.42614e-006
1.722000	1.42242e-006
1.724000	1.41878e-006
1.726000	1.4152e-006
1.728000	1.4117e-006
1.730000	1.40825e-006
1.732000	1.40485e-006
1.734000	1.4015e-006
1.736000	1.39819e-006
1.738000	1.3949e-006
1.740000	1.39165e-006
1.742000	1.38841e-006
1.744000	1.38519e-006
1.746000	1.38197e-006
1.748000	1.37876e-006
1.750000	1.37554e-006
1.752000	1.37231e-006
1.754000	1.36907e-006
1.756000	1.36581e-006
1.758000	1.36252e-006
1.760000	1.3592e-006
1.762000	1.35585e-006
1.764000	1.35245e-006
1.766000	1.34902e-006
1.768000	1.34553e-006
1.770000	1.34199e-006
1.772000	1.3384e-006
1.774000	1.33475e-006
1.776000	1.33103e-006
1.778000	1.32724e-006
1.780000	1.32339e-006
1.782000	1.31946e-006
1.784000	1.31545e-006
1.786000	1.31137e-006
1.788000	1.3072e-006
1.790000	1.30295e-006
1.792000	1.29861e-006
1.794000	1.29419e-006
1.796000	1.28968e-006
1.798000	1.28507e-006
1.800000	1.28038e-006
1.802000	1.27558e-006
1.804000	1.2707e-006
1.806000	1.26572e-006
1.808000	1.26064e-006
1.810000	1.25547e-006
1.812000	1.2502e-006
1.814000	1.24483e-006
1.816000	1.23936e-006
1.818000	1.2338e-006
1.820000	1.22815e-006
1.822000	1.22239e-006
1.824000	1.21655e-006
1.826000	1.2106e-006
1.828000	1.20457e-006
1.830000	1.19844e-006
1.832000	1.19223e-006
1.834000	1.18592e-006
1.836000	1.17953e-006
1.838000	1.17305e-006
1.840000	1.16649e-006
1.842000	1.15985e-006
1.844000	1.15313e-006
1.846000	1.14633e-006
1.848000	1.13946e-006
1.850000	1.13251e-006
1.852000	1.1255e-006
1.854000	1.11842e-006
1.856000	1.11127e-006
1.858000	1.10407e-006
1.860000	1.09681e-006
1.862000	1.08949e-006
1.864000	1.08212e-006
1.866000	1.07471e-006
1.868000	1.06724e-006
1.870000	1.05974e-006
1.872000	1.0522e-006
1.874000	1.04463e-006
1.876000	1.03702e-006
1.878000	1.02939e-006
1.880000	1.02173e-006
1.882000	1.01405e-006
1.884000	1.00636e-006
1.886000	9.9865e-007
1.888000	9.90933e-007
1.890000	9.83212e-007
1.892000	9.75489e-007
1.894000	9.67768e-007
1.896000	9.60052e-007
1.898000	9.52346e-007
1.900000	9.44653e-007
1.902000	9.36977e-007
1.904000	9.29322e-007
1.906000	9.2169e-007
1.908000	9.14086e-007
1.910000	9.06513e-007
1.912000	8.98976e-007
1.914000	8.91476e-007
1.916000	8.84017e-007
1.918000	8.76604e-007
1.920000	8.69239e-007
1.922000	8.61926e-007
1.924000	8.54667e-007
1.926000	8.47466e-007
1.928000	8.40325e-007
1.930000	8.33249e-007
1.932000	8.26239e-007
1.934000	8.19299e-007
1.936000	8.1243e-007
1.938000	8.05637e-007
1.940000	7.98921e-007
1.942000	7.92285e-007
1.944000	7.85731e-007
1.946000	7.79261e-007
1.948000	7.72878e-007
1.950000	7.66584e-007
1.952000	7.6038e-007
1.954000	7.54269e-007
1.956000	7.48252e-007
1.958000	7.42332e-007
1.960000	7.36508e-007
1.962000	7.30784e-007
1.964000	7.2516e-007
1.966000	7.19637e-007
1.968000	7.14217e-007
1.970000	7.089e-007
1.972000	7.03688e-007
1.974000	6.98581e-007
1.976000	6.9358e-007
1.978000	6.88686e-007
1.980000	6.83898e-007
1.982000	6.79218e-007
1.984000	6.74645e-007
1.986000	6.7018e-007
1.988000	6.65822e-007
1.990000	6.61573e-007
1.992000	6.5743e-007
1.994000	6.53394e-007
1.996000	6.49465e-007
1.998000	6.45642e-007
2.000000	6.41925e-007
2.002000	6.38312e-007
2.004000	6.34803e-007
2.006000	6.31398e-007
2.008000	6.28094e-007
2.010000	6.24891e-007
2.012000	6.21788e-007
2.014000	6.18784e-007
2.016000	6.15876e-007
2.018000	6.13065e-007
2.020000	6.10347e-007
2.022000	6.07723e-007
2.024000	6.05189e-007
2.026000	6.02744e-007
2.028000	6.00387e-007
2.030000	5.98115e-007
2.032000	5.95926e-007
2.034000	5.93819e-007
2.036000	5.91792e-007
2.038000	5.89842e-007
2.040000	5.87967e-007
2.042000	5.86165e-007
2.044000	5.84434e-007
2.046000	5.82771e-007
2.048000	5.81173e-007
2.050000	5.7964e-007
2.052000	5.78168e-007
2.054000	5.76754e-007
2.056000	5.75397e-007
2.058000	5.74093e-007
2.060000	5.72841e-007
2.062000	5.71637e-007
2.064000	5.70479e-007
2.066000	5.69365e-007
2.068000	5.68291e-007
2.070000	5.67256e-007
2.072000	5.66257e-007
2.074000	5.6529e-007
2.076000	5.64355e-007
2.078000	5.63447e-007
2.080000	5.62564e-007
2.082000	5.61705e-007
2.084000	5.60865e-007
2.086000	5.60044e-007
2.088000	5.59237e-007
2.090000	5.58443e-007
2.092000	5.5766e-007
2.094000	5.56884e-007
2.096000	5.56114e-007
2.098000	5.55347e-007
2.100000	5.54581e-007
2.102000	5.53813e-007
2.104000	5.53041e-007
2.106000	5.52263e-007
2.108000	5.51478e-007
2.110000	5.50681e-007
2.112000	5.49873e-007
2.114000	5.4905e-007
2.116000	5.48211e-007
2.118000	5.47354e-007
2.120000	5.46476e-007
2.122000	5.45577e-007
2.124000	5.44654e-007
2.126000	5.43706e-007
2.128000	5.42731e-007
2.130000	5.41728e-007
2.132000	5.40695e-007
2.134000	5.39631e-007
2.136000	5.38533e-007
2.138000	5.37402e-007
2.140000	5.36236e-007
2.142000	5.35034e-007
2.144000	5.33794e-007
2.146000	5.32516e-007
2.148000	5.31199e-007
2.150000	5.29842e-007
2.152000	5.28444e-007
2.154000	5.27004e-007
2.156000	5.25522e-007
2.158000	5.23997e-007
2.160000	5.22429e-007
2.162000	5.20817e-007
2.164000	5.19161e-007
2.166000	5.17461e-007
2.168000	5.15716e-007
2.170000	5.13926e-007
2.172000	5.12092e-007
2.174000	5.10213e-007
2.176000	5.08289e-007
2.178000	5.0632e-007
2.180000	5.04307e-007
2.182000	5.0225e-007
2.184000	5.0015e-007
2.186000	4.98006e-007
2.188000	4.95818e-007
2.190000	4.93589e-007
2.192000	4.91318e-007
2.194000	4.89005e-007
2.196000	4.86652e-007
2.198000	4.84259e-007
2.200000	4.81828e-007
2.202000	4.79358e-007
2.204000	4.76851e-007
2.206000	4.74308e-007
2.208000	4.71729e-007
2.210000	4.69117e-007
2.212000	4.66471e-007
2.214000	4.63793e-007
2.216000	4.61085e-007
2.218000	4.58347e-007
2.220000	4.55581e-007
2.222000	4.52788e-007
2.224000	4.49969e-007
2.226000	4.47126e-007
2.228000	4.4426e-007
2.230000	4.41372e-007
2.232000	4.38465e-007
2.234000	4.35539e-007
2.236000	4.32596e-007
2.238000	4.29637e-007
2.240000	4.26664e-007
2.242000	4.23678e-007
2.244000	4.20682e-007
2.246000	4.17676e-007
2.248000	4.14662e-007
2.250000	4.11642e-007
2.252000	4.08617e-007
2.254000	4.05589e-007
2.256000	4.0256e-007
2.258000	3.9953e-007
2.260000	3.96502e-007
2.262000	3.93478e-007
2.264000	3.90458e-007
2.266000	3.87444e-007
2.268000	3.84438e-007
2.270000	3.81442e-007
2.272000	3.78456e-007
2.274000	3.75483e-007
2.276000	3.72524e-007
2.278000	3.69581e-007
2.280000	3.66654e-007
2.282000	3.63745e-007
2.284000	3.60856e-007
2.286000	3.57988e-007
2.288000	3.55143e-007
2.290000	3.52321e-007
2.292000	3.49524e-007
2.294000	3.46754e-007
2.296000	3.44011e-007
2.298000	3.41296e-007
2.300000	3.38612e-007
2.302000	3.35958e-007
2.304000	3.33337e-007
2.306000	3.30749e-007
2.308000	3.28194e-007
2.310000	3.25675e-007
2.312000	3.23192e-007
2.314000	3.20746e-007
2.316000	3.18337e-007
2.318000	3.15967e-007
2.320000	3.13637e-007
2.322000	3.11346e-007
2.324000	3.09096e-007
2.326000	3.06887e-007
2.328000	3.0472e-007
2.330000	3.02596e-007
2.332000	3.00514e-007
2.334000	2.98476e-007
2.336000	2.96481e-007
2.338000	2.9453e-007
2.340000	2.92624e-007
2.342000	2.90762e-007
2.344000	2.88945e-007
2.346000	2.87173e-007
2.348000	2.85446e-007
2.350000	2.83764e-007
2.352000	2.82128e-007
2.354000	2.80536e-007
2.356000	2.78989e-007
2.358000	2.77487e-007
2.360000	2.7603e-007
2.362000	2.74617e-007
2.364000	2.73249e-007
2.366000	2.71925e-007
2.368000	2.70644e-007
2.370000	2.69406e-007
2.372000	2.68211e-007
2.374000	2.67059e-007
2.376000	2.65948e-007
2.378000	2.64879e-007
2.380000	2.6385e-007
2.382000	2.62862e-007
2.384000	2.61913e-007
2.386000	2.61002e-007
2.388000	2.6013e-007
2.390000	2.59295e-007
2.392000	2.58497e-007
2.394000	2.57734e-007
2.396000	2.57007e-007
2.398000	2.56313e-007
2.400000	2.55652e-007
2.402000	2.55024e-007
2.404000	2.54427e-007
2.406000	2.5386e-007
2.408000	2.53322e-007
2.410000	2.52813e-007
2.412000	2.52331e-007
2.414000	2.51876e-007
2.416000	2.51445e-007
2.418000	2.51039e-007
2.420000	2.50656e-007
2.422000	2.50295e-007
2.424000	2.49954e-007
2.426000	2.49634e-007
2.428000	2.49331e-007
2.430000	2.49047e-007
2.432000	2.48779e-007
2.434000	2.48525e-007
2.436000	2.48286e-007
2.438000	2.4806e-007
2.440000	2.47846e-007
2.442000	2.47642e-007
2.444000	2.47448e-007
2.446000	2.47262e-007
2.448000	2.47083e-007
2.450000	2.4691e-007
2.452000	2.46743e-007
2.454000	2.46579e-007
2.456000	2.46418e-007
2.458000	2.46259e-007
2.460000	2.461e-007
2.462000	2.45941e-007
2.464000	2.4578e-007
2.466000	2.45617e-007
2.468000	2.45451e-007
2.470000	2.4528e-007
2.472000	2.45103e-007
2.474000	2.4492e-007
2.476000	2.4473e-007
2.478000	2.44531e-007
2.480000	2.44323e-007
2.482000	2.44105e-007
2.484000	2.43876e-007
2.486000	2.43636e-007
2.488000	2.43383e-007
2.490000	2.43117e-007
2.492000	2.42837e-007
2.494000	2.42542e-007
2.496000	2.42232e-007
2.498000	2.41906e-007
2.500000	2.41563e-007
2.502000	2.41203e-007
2.504000	2.40826e-007
2.506000	2.40429e-007
2.508000	2.40015e-007
2.510000	2.3958e-007
2.512000	2.39127e-007
2.514000	2.38653e-007
2.516000	2.38158e-007
2.518000	2.37643e-007
2.520000	2.37107e-007
2.522000	2.36549e-007
2.524000	2.35969e-007
2.526000	2.35368e-007
2.528000	2.34745e-007
2.530000	2.34099e-007
2.532000	2.33431e-007
2.534000	2.32741e-007
2.536000	2.32028e-007
2.538000	2.31293e-007
2.540000	2.30536e-007
2.542000	2.29756e-007
2.544000	2.28953e-007
2.546000	2.28129e-007
2.548000	2.27283e-007
2.550000	2.26414e-007
2.552000	2.25524e-007
2.554000	2.24612e-007
2.556000	2.2368e-007
2.558000	2.22726e-007
2.560000	2.21751e-007
2.562000	2.20757e-007
2.564000	2.19742e-007
2.566000	2.18708e-007
2.568000	2.17654e-007
2.570000	2.16582e-007
2.572000	2.15492e-007
2.574000	2.14384e-007
2.576000	2.13258e-007
2.578000	2.12116e-007
2.580000	2.10958e-007
2.582000	2.09784e-007
2.584000	2.08594e-007
2.586000	2.07391e-007
2.588000	2.06173e-007
2.590000	2.04943e-007
2.592000	2.03699e-007
2.594000	2.02444e-007
2.596000	2.01177e-007
2.598000	1.999e-007
2.600000	1.98613e-007
2.602000	1.97317e-007
2.604000	1.96012e-007
2.606000	1.947e-007
2.608000	1.9338e-007
2.610000	1.92055e-007
2.612000	1.90724e-007
2.614000	1.89388e-007
2.616000	1.88048e-007
2.618000	1.86704e-007
2.620000	1.85359e-007
2.622000	1.84011e-007
2.624000	1.82662e-007
2.626000	1.81314e-007
2.628000	1.79965e-007
2.630000	1.78619e-007
2.632000	1.77274e-007
2.634000	1.75931e-007
2.636000	1.74593e-007
2.638000	1.73259e-007
2.640000	1.71929e-007
2.642000	1.70605e-007
2.644000	1.69288e-007
2.646000	1.67978e-007
2.648000	1.66676e-007
2.650000	1.65382e-007
2.652000	1.64097e-007
2.654000	1.62823e-007
2.656000	1.61558e-007
2.658000	1.60305e-007
2.660000	1.59064e-007
2.662000	1.57835e-007
2.664000	1.56618e-007
2.666000	1.55416e-007
2.668000	1.54227e-007
2.670000	1.53053e-007
2.672000	1.51894e-007
2.674000	1.50751e-007
2.676000	1.49623e-007
2.678000	1.48513e-007
2.680000	1.47419e-007
2.682000	1.46343e-007
2.684000	1.45285e-007
2.686000	1.44244e-007
2.688000	1.43223e-007
2.690000	1.4222e-007
2.692000	1.41237e-007
2.694000	1.40273e-007
2.696000	1.39329e-007
2.698000	1.38405e-007
2.700000	1.37502e-007
2.702000	1.36619e-007
2.704000	1.35756e-007
2.706000	1.34915e-007
2.708000	1.34094e-007
2.710000	1.33295e-007
2.712000	1.32517e-007
2.714000	1.31761e-007
2.716000	1.31025e-007
2.718000	1.30311e-007
2.720000	1.29619e-007
2.722000	1.28948e-007
2.724000	1.28298e-007
2.726000	1.2767e-007
2.728000	1.27063e-007
2.730000	1.26477e-007
2.732000	1.25912e-007
2.734000	1.25368e-007
2.736000	1.24844e-007
2.738000	1.24341e-007
2.740000	1.23859e-007
2.742000	1.23396e-007
2.744000	1.22954e-007
2.746000	1.22531e-007
2.748000	1.22127e-007
2.750000	1.21742e-007
2.752000	1.21376e-007
2.754000	1.21029e-007
2.756000	1.20699e-007
2.758000	1.20388e-007
2.760000	1.20093e-007
2.762000	1.19815e-007
2.764000	1.19554e-007
2.766000	1.19309e-007
2.768000	1.1908e-007
2.770000	1.18866e-007
2.772000	1.18666e-007
2.774000	1.18481e-007
2.776000	1.1831e-007
2.778000	1.18152e-007
2.780000	1.18007e-007
2.782000	1.17874e-007
2.784000	1.17753e-007
2.786000	1.17643e-007
2.788000	1.17544e-007
2.790000	1.17455e-007
2.792000	1.17375e-007
2.794000	1.17305e-007
2.796000	1.17244e-007
2.798000	1.1719e-007
2.800000	1.17144e-007
2.802000	1.17105e-007
2.804000	1.17072e-007
2.806000	1.17044e-007
2.808000	1.17022e-007
2.810000	1.17005e-007
2.812000	1.16992e-007
2.814000	1.16982e-007
2.816000	1.16975e-007
2.818000	1.1697e-007
2.820000	1.16968e-007
2.822000	1.16966e-007
2.824000	1.16966e-007
2.826000	1.16965e-007
2.828000	1.16965e-007
2.830000	1.16963e-007
2.832000	1.1696e-007
2.834000	1.16956e-007
2.836000	1.16948e-007
2.838000	1.16938e-007
2.840000	1.16925e-007
2.842000	1.16908e-007
2.844000	1.16886e-007
2.846000	1.1686e-007
2.848000	1.16829e-007
2.850000	1.16792e-007
2.852000	1.16749e-007
2.854000	1.16699e-007
2.856000	1.16643e-007
2.858000	1.16579e-007
2.860000	1.16508e-007
2.862000	1.16429e-007
2.864000	1.16341e-007
2.866000	1.16245e-007
2.868000	1.1614e-007
2.870000	1.16025e-007
2.872000	1.15901e-007
2.874000	1.15768e-007
2.876000	1.15624e-007
2.878000	1.1547e-007
2.880000	1.15305e-007
2.882000	1.1513e-007
2.884000	1.14943e-007
2.886000	1.14746e-007
2.888000	1.14537e-007
2.890000	1.14317e-007
2.892000	1.14085e-007
2.894000	1.13842e-007
2.896000	1.13587e-007
2.898000	1.1332e-007
2.900000	1.13041e-007
2.902000	1.12751e-007
2.904000	1.12448e-007
2.906000	1.12133e-007
2.908000	1.11807e-007
2.910000	1.11468e-007
2.912000	1.11118e-007
2.914000	1.10755e-007
2.916000	1.10381e-007
2.918000	1.09995e-007
2.920000	1.09598e-007
2.922000	1.09189e-007
2.924000	1.08768e-007
2.926000	1.08336e-007
2.928000	1.07893e-007
2.930000	1.0744e-007
2.932000	1.06975e-007
2.934000	1.065e-007
2.936000	1.06014e-007
2.938000	1.05518e-007
2.940000	1.05013e-007
2.942000	1.04497e-007
2.944000	1.03972e-007
2.946000	1.03438e-007
2.948000	1.02895e-007
2.950000	1.02344e-007
2.952000	1.01784e-007
2.954000	1.01216e-007
2.956000	1.0064e-007
2.958000	1.00057e-007
2.960000	9.94667e-008
2.962000	9.88697e-008
2.964000	9.82664e-008
2.966000	9.7657e-008
2.968000	9.70419e-008
2.970000	9.64214e-008
2.972000	9.5796e-008
2.974000	9.5166e-008
2.976000	9.45318e-008
2.978000	9.38938e-008
2.980000	9.32522e-008
2.982000	9.26076e-008
2.984000	9.19604e-008
2.986000	9.13108e-008
2.988000	9.06593e-008
2.990000	9.00064e-008
2.992000	8.93523e-008
2.994000	8.86975e-008
2.996000	8.80424e-008
2.998000	8.73873e-008
3.000000	8.67328e-008
3.002000	8.6079e-008
3.004000	8.54266e-008
3.006000	8.47757e-008
3.008000	8.41269e-008
3.010000	8.34804e-008
3.012000	8.28368e-008
3.014000	8.21962e-008
3.016000	8.15592e-008
3.018000	8.0926e-008
3.020000	8.02971e-008
3.022000	7.96727e-008
3.024000	7.90533e-008
3.026000	7.84391e-008
3.028000	7.78305e-008
3.030000	7.72279e-008
3.032000	7.66314e-008
3.034000	7.60415e-008
3.036000	7.54585e-008
3.038000	7.48825e-008
3.040000	7.4314e-008
3.042000	7.37532e-008
3.044000	7.32003e-008
3.046000	7.26556e-008
3.048000	7.21194e-008
3.050000	7.15918e-008
3.052000	7.10732e-008
3.054000	7.05637e-008
3.056000	7.00635e-008
3.058000	6.95729e-008
3.060000	6.90919e-008
3.062000	6.86208e-008
3.064000	6.81598e-008
3.066000	6.77089e-008
3.068000	6.72684e-008
3.070000	6.68383e-008
3.072000	6.64188e-008
3.074000	6.60099e-008
3.076000	6.56118e-008
3.078000	6.52246e-008
3.080000	6.48482e-008
3.082000	6.44828e-008
3.084000	6.41283e-008
3.086000	6.37849e-008
3.088000	6.34526e-008
3.090000	6.31313e-008
3.092000	6.28211e-008
3.094000	6.25219e-008
3.096000	6.22337e-008
3.098000	6.19565e-008
3.100000	6.16903e-008
3.102000	6.14349e-008
3.104000	6.11903e-008
3.106000	6.09564e-008
3.108000	6.07331e-008
3.110000	6.05204e-008
3.112000	6.03181e-008
3.114000	6.01261e-008
3.116000	5.99442e-008
3.118000	5.97723e-008
3.120000	5.96104e-008
3.122000	5.94581e-008
3.124000	5.93153e-008
3.126000	5.91819e-008
3.128000	5.90576e-008
3.130000	5.89424e-008
3.132000	5.88359e-008
3.134000	5.87379e-008
3.136000	5.86483e-008
3.138000	5.85668e-008
3.140000	5.84932e-008
3.142000	5.84272e-008
3.144000	5.83686e-008
3.146000	5.83171e-008
3.148000	5.82726e-008
3.150000	5.82347e-008
3.152000	5.82031e-008
3.154000	5.81776e-008
3.156000	5.8158e-008
3.158000	5.81438e-008
3.160000	5.8135e-008
3.162000	5.81311e-008
3.164000	5.81319e-008
3.166000	5.8137e-008
3.168000	5.81463e-008
3.170000	5.81594e-008
3.172000	5.81759e-008
3.174000	5.81957e-008
3.176000	5.82184e-008
3.178000	5.82437e-008
3.180000	5.82714e-008
3.182000	5.8301e-008
3.184000	5.83323e-008
3.186000	5.83651e-008
3.188000	5.8399e-008
3.190000	5.84337e-008
3.192000	5.8469e-008
3.194000	5.85045e-008
3.196000	5.854e-008
3.198000	5.85751e-008
3.200000	5.86097e-008
3.202000	5.86434e-008
3.204000	5.86759e-008
3.206000	5.8707e-008
3.208000	5.87364e-008
3.210000	5.87638e-008
3.212000	5.8789e-008
3.214000	5.88118e-008
3.216000	5.88319e-008
3.218000	5.8849e-008
3.220000	5.8863e-008
3.222000	5.88735e-008
3.224000	5.88804e-008
3.226000	5.88834e-008
3.228000	5.88825e-008
3.230000	5.88772e-008
3.232000	5.88675e-008
3.234000	5.88531e-008
3.236000	5.8834e-008
3.238000	5.88098e-008
3.240000	5.87805e-008
3.242000	5.87459e-008
3.244000	5.87058e-008
3.246000	5.86601e-008
3.248000	5.86087e-008
3.250000	5.85514e-008
3.252000	5.84881e-008
3.254000	5.84187e-008
3.256000	5.83432e-008
3.258000	5.82614e-008
3.260000	5.81732e-008
3.262000	5.80786e-008
3.264000	5.79775e-008
3.266000	5.78698e-008
3.268000	5.77556e-008
3.270000	5.76347e-008
3.272000	5.75071e-008
3.274000	5.73729e-008
3.276000	5.72319e-008
3.278000	5.70843e-008
3.280000	5.69299e-008
3.282000	5.67689e-008
3.284000	5.66012e-008
3.286000	5.64268e-008
3.288000	5.62459e-008
3.290000	5.60584e-008
3.292000	5.58644e-008
3.294000	5.5664e-008
3.296000	5.54572e-008
3.298000	5.52441e-008
3.300000	5.50248e-008
3.302000	5.47994e-008
3.304000	5.4568e-008
3.306000	5.43307e-008
3.308000	5.40876e-008
3.310000	5.38388e-008
3.312000	5.35845e-008
3.314000	5.33248e-008
3.316000	5.30597e-008
3.318000	5.27896e-008
3.320000	5.25145e-008
3.322000	5.22345e-008
3.324000	5.19499e-008
3.326000	5.16608e-008
3.328000	5.13674e-008
3.330000	5.10698e-008
3.332000	5.07683e-008
3.334000	5.0463e-008
3.336000	5.01541e-008
3.338000	4.98417e-008
3.340000	4.95262e-008
3.342000	4.92077e-008
3.344000	4.88864e-008
3.346000	4.85624e-008
3.348000	4.82361e-008
3.350000	4.79076e-008
3.352000	4.75771e-008
3.354000	4.72448e-008
3.356000	4.6911e-008
3.358000	4.65759e-008
3.360000	4.62396e-008
3.362000	4.59025e-008
3.364000	4.55646e-008
3.366000	4.52263e-008
3.368000	4.48877e-008
3.370000	4.45491e-008
3.372000	4.42107e-008
3.374000	4.38727e-008
3.376000	4.35353e-008
3.378000	4.31987e-008
3.380000	4.28632e-008
3.382000	4.25288e-008
3.384000	4.2196e-008
3.386000	4.18648e-008
3.388000	4.15354e-008
3.390000	4.12081e-008
3.392000	4.08831e-008
3.394000	4.05605e-008
3.396000	4.02405e-008
3.398000	3.99234e-008
3.400000	3.96092e-008
3.402000	3.92983e-008
3.404000	3.89907e-008
3.406000	3.86866e-008
3.408000	3.83863e-008
3.410000	3.80898e-008
3.412000	3.77973e-008
3.414000	3.75089e-008
3.416000	3.72249e-008
3.418000	3.69454e-008
3.420000	3.66704e-008
3.422000	3.64001e-008
3.424000	3.61347e-008
3.426000	3.58743e-008
3.428000	3.56189e-008
3.430000	3.53687e-008
3.432000	3.51238e-008
3.434000	3.48843e-008
3.436000	3.46503e-008
3.438000	3.44218e-008
3.440000	3.41989e-008
3.442000	3.39818e-008
3.444000	3.37704e-008
3.446000	3.35648e-008
3.448000	3.33651e-008
3.450000	3.31713e-008
3.452000	3.29835e-008
3.454000	3.28017e-008
3.456000	3.26259e-008
3.458000	3.24561e-008
3.460000	3.22924e-008
3.462000	3.21347e-008
3.464000	3.19831e-008
3.466000	3.18375e-008
3.468000	3.1698e-008
3.470000	3.15645e-008
3.472000	3.14369e-008
3.474000	3.13154e-008
3.476000	3.11997e-008
3.478000	3.10899e-008
3.480000	3.0986e-008
3.482000	3.08878e-008
3.484000	3.07953e-008
3.486000	3.07085e-008
3.488000	3.06272e-008
3.490000	3.05514e-008
3.492000	3.04811e-008
3.494000	3.04161e-008
3.496000	3.03562e-008
3.498000	3.03016e-008
3.500000	3.02519e-008
3.502000	3.02072e-008
3.504000	3.01673e-008
3.506000	3.0132e-008
3.508000	3.01014e-008
3.510000	3.00752e-008
3.512000	3.00533e-008
3.514000	3.00356e-008
3.516000	3.00219e-008
3.518000	3.00122e-008
3.520000	3.00062e-008
3.522000	3.00039e-008
3.524000	3.0005e-008
3.526000	3.00095e-008
3.528000	3.00172e-008
3.530000	3.00278e-008
3.532000	3.00414e-008
3.534000	3.00576e-008
3.536000	3.00764e-008
3.538000	3.00976e-008
3.540000	3.0121e-008
3.542000	3.01465e-008
3.544000	3.01738e-008
3.546000	3.02029e-008
3.548000	3.02335e-008
3.550000	3.02655e-008
3.552000	3.02988e-008
3.554000	3.03331e-008
3.556000	3.03683e-008
3.558000	3.04043e-008
3.560000	3.04408e-008
3.562000	3.04777e-008
3.564000	3.05148e-008
3.566000	3.0552e-008
3.568000	3.05891e-008
3.570000	3.0626e-008
3.572000	3.06625e-008
3.574000	3.06983e-008
3.576000	3.07335e-008
3.578000	3.07678e-008
3.580000	3.08011e-008
3.582000	3.08332e-008
3.584000	3.0864e-008
3.586000	3.08934e-008
3.588000	3.09212e-008
3.590000	3.09472e-008
3.592000	3.09714e-008
3.594000	3.09936e-008
3.596000	3.10136e-008
3.598000	3.10315e-008
3.600000	3.10469e-008
3.602000	3.10599e-008
3.604000	3.10704e-008
3.606000	3.10781e-008
3.608000	3.1083e-008
3.610000	3.10851e-008
3.612000	3.10842e-008
3.614000	3.10801e-008
3.616000	3.1073e-008
3.618000	3.10626e-008
3.620000	3.10488e-008
3.622000	3.10317e-008
3.624000	3.10111e-008
3.626000	3.09871e-008
3.628000	3.09594e-008
3.630000	3.09281e-008
3.632000	3.08931e-008
3.634000	3.08544e-008
3.636000	3.0812e-008
3.638000	3.07657e-008
3.640000	3.07156e-008
3.642000	3.06617e-008
3.644000	3.06039e-008
3.646000	3.05423e-008
3.648000	3.04767e-008
3.650000	3.04073e-008
3.652000	3.0334e-008
3.654000	3.02568e-008
3.656000	3.01757e-008
3.658000	3.00908e-008
3.660000	3.0002e-008
3.662000	2.99094e-008
3.664000	2.9813e-008
3.666000	2.97129e-008
3.668000	2.9609e-008
3.670000	2.95015e-008
3.672000	2.93904e-008
3.674000	2.92757e-008
3.676000	2.91574e-008
3.678000	2.90357e-008
3.680000	2.89106e-008
3.682000	2.87822e-008
3.684000	2.86505e-008
3.686000	2.85156e-008
3.688000	2.83776e-008
3.690000	2.82366e-008
3.692000	2.80926e-008
3.694000	2.79458e-008
3.696000	2.77962e-008
3.698000	2.76439e-008
3.700000	2.74891e-008
3.702000	2.73317e-008
3.704000	2.7172e-008
3.706000	2.70101e-008
3.708000	2.68459e-008
3.710000	2.66797e-008
3.712000	2.65116e-008
3.714000	2.63416e-008
3.716000	2.61699e-008
3.718000	2.59966e-008
3.720000	2.58218e-008
3.722000	2.56457e-008
3.724000	2.54683e-008
3.726000	2.52897e-008
3.728000	2.51102e-008
3.730000	2.49298e-008
3.732000	2.47486e-008
3.734000	2.45668e-008
3.736000	2.43845e-008
3.738000	2.42018e-008
3.740000	2.40188e-008
3.742000	2.38357e-008
3.744000	2.36526e-008
3.746000	2.34696e-008
3.748000	2.32868e-008
3.750000	2.31043e-008
3.752000	2.29224e-008
3.754000	2.2741e-008
3.756000	2.25604e-008
3.758000	2.23806e-008
3.760000	2.22018e-008
3.762000	2.2024e-008
3.764000	2.18474e-008
3.766000	2.16721e-008
3.768000	2.14982e-008
3.770000	2.13258e-008
3.772000	2.1155e-008
3.774000	2.0986e-008
3.776000	2.08188e-008
3.778000	2.06535e-008
3.780000	2.04902e-008
3.782000	2.03291e-008
3.784000	2.01702e-008
3.786000	2.00135e-008
3.788000	1.98593e-008
3.790000	1.97075e-008
3.792000	1.95582e-008
3.794000	1.94116e-008
3.796000	1.92677e-008
3.798000	1.91266e-008
3.800000	1.89883e-008
3.802000	1.88529e-008
3.804000	1.87205e-008
3.806000	1.85911e-008
3.808000	1.84648e-008
3.810000	1.83416e-008
3.812000	1.82216e-008
3.814000	1.81048e-008
3.816000	1.79913e-008
3.818000	1.78811e-008
3.820000	1.77742e-008
3.822000	1.76706e-008
3.824000	1.75705e-008
3.826000	1.74737e-008
3.828000	1.73804e-008
3.830000	1.72905e-008
3.832000	1.7204e-008
3.834000	1.7121e-008
3.836000	1.70415e-008
3.838000	1.69654e-008
3.840000	1.68927e-008
3.842000	1.68235e-008
3.844000	1.67578e-008
3.846000	1.66954e-008
3.848000	1.66365e-008
3.850000	1.65809e-008
3.852000	1.65287e-008
3.854000	1.64798e-008
3.856000	1.64342e-008
3.858000	1.63918e-008
3.860000	1.63526e-008
3.862000	1.63166e-008
3.864000	1.62838e-008
3.866000	1.6254e-008
3.868000	1.62273e-008
3.870000	1.62035e-008
3.872000	1.61826e-008
3.874000	1.61646e-008
3.876000	1.61494e-008
3.878000	1.61369e-008
3.880000	1.61271e-008
3.882000	1.61198e-008
3.884000	1.61151e-008
3.886000	1.61128e-008
3.888000	1.61129e-008
3.890000	1.61153e-008
3.892000	1.61199e-008
3.894000	1.61266e-008
3.896000	1.61354e-008
3.898000	1.61461e-008
3.900000	1.61587e-008
3.902000	1.61731e-008
3.904000	1.61892e-008
3.906000	1.62068e-008
3.908000	1.6226e-008
3.910000	1.62466e-008
3.912000	1.62685e-008
3.914000	1.62917e-008
3.916000	1.6316e-008
3.918000	1.63413e-008
3.920000	1.63675e-008
3.922000	1.63946e-008
3.924000	1.64225e-008
3.926000	1.6451e-008
3.928000	1.64801e-008
3.930000	1.65096e-008
3.932000	1.65395e-008
3.934000	1.65696e-008
3.936000	1.66e-008
3.938000	1.66304e-008
3.940000	1.66607e-008
3.942000	1.6691e-008
3.944000	1.67211e-008
3.946000	1.67509e-008
3.948000	1.67802e-008
3.950000	1.68091e-008
3.952000	1.68375e-008
3.954000	1.68652e-008
3.956000	1.68921e-008
3.958000	1.69183e-008
3.960000	1.69435e-008
3.962000	1.69677e-008
3.964000	1.69909e-008
3.966000	1.7013e-008
3.968000	1.70338e-008
3.970000	1.70533e-008
3.972000	1.70715e-008
3.974000	1.70883e-008
3.976000	1.71036e-008
3.978000	1.71173e-008
3.980000	1.71293e-008
3.982000	1.71397e-008
3.984000	1.71484e-008
3.986000	1.71553e-008
3.988000	1.71603e-008
3.990000	1.71634e-008
3.992000	1.71646e-008
3.994000	1.71638e-008
3.996000	1.7161e-008
3.998000	1.71561e-008
4.000000	1.71491e-008
4.002000	1.714e-008
4.004000	1.71287e-008
4.006000	1.71152e-008
4.008000	1.70994e-008
4.010000	1.70815e-008
4.012000	1.70612e-008
4.014000	1.70387e-008
4.016000	1.70139e-008
4.018000	1.69868e-008
4.020000	1.69574e-008
4.022000	1.69257e-008
4.024000	1.68916e-008
4.026000	1.68553e-008
4.028000	1.68166e-008
4.030000	1.67756e-008
4.032000	1.67323e-008
4.034000	1.66867e-008
4.036000	1.66388e-008
4.038000	1.65887e-008
4.040000	1.65363e-008
4.042000	1.64818e-008
4.044000	1.6425e-008
4.046000	1.63661e-008
4.048000	1.6305e-008
4.050000	1.62418e-008
4.052000	1.61766e-008
4.054000	1.61093e-008
4.056000	1.604e-008
4.058000	1.59688e-008
4.060000	1.58957e-008
4.062000	1.58207e-008
4.064000	1.57439e-008
4.066000	1.56654e-008
4.068000	1.55851e-008
4.070000	1.55031e-008
4.072000	1.54196e-008
4.074000	1.53345e-008
4.076000	1.52479e-008
4.078000	1.51599e-008
4.080000	1.50705e-008
4.082000	1.49798e-008
4.084000	1.48879e-008
4.086000	1.47948e-008
4.088000	1.47005e-008
4.090000	1.46053e-008
4.092000	1.4509e-008
4.094000	1.44119e-008
4.096000	1.43139e-008
4.098000	1.42151e-008
4.100000	1.41157e-008
4.102000	1.40156e-008
4.104000	1.3915e-008
4.106000	1.38139e-008
4.108000	1.37124e-008
4.110000	1.36105e-008
4.112000	1.35084e-008
4.114000	1.34061e-008
4.116000	1.33037e-008
4.118000	1.32013e-008
4.120000	1.30989e-008
4.122000	1.29966e-008
4.124000	1.28945e-008
4.126000	1.27926e-008
4.128000	1.26911e-008
4.130000	1.25899e-008
4.132000	1.24893e-008
4.134000	1.23891e-008
4.136000	1.22896e-008
4.138000	1.21907e-008
4.140000	1.20925e-008
4.142000	1.19952e-008
4.144000	1.18987e-008
4.146000	1.18032e-008
4.148000	1.17086e-008
4.150000	1.16151e-008
4.152000	1.15227e-008
4.154000	1.14315e-008
4.156000	1.13415e-008
4.158000	1.12528e-008
4.160000	1.11654e-008
4.162000	1.10795e-008
4.164000	1.09949e-008
4.166000	1.09118e-008
4.168000	1.08303e-008
4.170000	1.07503e-008
4.172000	1.0672e-008
4.174000	1.05953e-008
4.176000	1.05203e-008
4.178000	1.0447e-008
4.180000	1.03755e-008
4.182000	1.03058e-008
4.184000	1.02379e-008
4.186000	1.01719e-008
4.188000	1.01078e-008
4.190000	1.00456e-008
4.192000	9.98535e-009
4.194000	9.92703e-009
4.196000	9.87069e-009
4.198000	9.81632e-009
4.200000	9.76396e-009
4.202000	9.71361e-009
4.204000	9.66528e-009
4.206000	9.61898e-009
4.208000	9.5747e-009
4.210000	9.53246e-009
4.212000	9.49226e-009
4.214000	9.45409e-009
4.216000	9.41794e-009
4.218000	9.38382e-009
4.220000	9.35171e-009
4.222000	9.32161e-009
4.224000	9.29349e-009
4.226000	9.26735e-009
4.228000	9.24317e-009
4.230000	9.22093e-009
4.232000	9.20061e-009
4.234000	9.18219e-009
4.236000	9.16564e-009
4.238000	9.15094e-009
4.240000	9.13806e-009
4.242000	9.12697e-009
4.244000	9.11764e-009
4.246000	9.11003e-009
4.248000	9.10411e-009
4.250000	9.09984e-009
4.252000	9.09719e-009
4.254000	9.09611e-009
4.256000	9.09657e-009
4.258000	9.09852e-009
4.260000	9.10192e-009
4.262000	9.10672e-009
4.264000	9.11288e-009
4.266000	9.12035e-009
4.268000	9.12908e-009
4.270000	9.13902e-009
4.272000	9.15013e-009
4.274000	9.16234e-009
4.276000	9.17561e-009
4.278000	9.18989e-009
4.280000	9.20511e-009
4.282000	9.22124e-009
4.284000	9.2382e-009
4.286000	9.25595e-009
4.288000	9.27443e-009
4.290000	9.29358e-009
4.292000	9.31335e-009
4.294000	9.33367e-009
4.296000	9.3545e-009
4.298000	9.37577e-009
4.300000	9.39743e-009
4.302000	9.41941e-009
4.304000	9.44167e-009
4.306000	9.46414e-009
4.308000	9.48677e-009
4.310000	9.50949e-009
4.312000	9.53226e-009
4.314000	9.55502e-009
4.316000	9.5777e-009
4.318000	9.60026e-009
4.320000	9.62264e-009
4.322000	9.64479e-009
4.324000	9.66665e-009
4.326000	9.68816e-009
4.328000	9.70929e-009
4.330000	9.72997e-009
4.332000	9.75015e-009
4.334000	9.76979e-009
4.336000	9.78884e-009
4.338000	9.80724e-009
4.340000	9.82496e-009
4.342000	9.84195e-009
4.344000	9.85816e-009
4.346000	9.87355e-009
4.348000	9.88808e-009
4.350000	9.90171e-009
4.352000	9.91439e-009
4.354000	9.9261e-009
4.356000	9.9368e-009
4.358000	9.94644e-009
4.360000	9.955e-009
4.362000	9.96245e-009
4.364000	9.96875e-009
4.366000	9.97388e-009
4.368000	9.9778e-009
4.370000	9.9805e-009
4.372000	9.98195e-009
4.374000	9.98213e-009
4.376000	9.98101e-009
4.378000	9.97857e-009
4.380000	9.97481e-009
4.382000	9.9697e-009
4.384000	9.96323e-009
4.386000	9.95539e-009
4.388000	9.94616e-009
4.390000	9.93554e-009
4.392000	9.92352e-009
4.394000	9.91009e-009
4.396000	9.89526e-009
4.398000	9.87901e-009
4.400000	9.86136e-009
4.402000	9.84229e-009
4.404000	9.82181e-009
4.406000	9.79994e-009
4.408000	9.77666e-009
4.410000	9.752e-009
4.412000	9.72595e-009
4.414000	9.69854e-009
4.416000	9.66977e-009
4.418000	9.63967e-009
4.420000	9.60823e-009
4.422000	9.57549e-009
4.424000	9.54145e-009
4.426000	9.50615e-009
4.428000	9.4696e-009
4.430000	9.43182e-009
4.432000	9.39284e-009
4.434000	9.35268e-009
4.436000	9.31138e-009
4.438000	9.26895e-009
4.440000	9.22544e-009
4.442000	9.18086e-009
4.444000	9.13525e-009
4.446000	9.08864e-009
4.448000	9.04107e-009
4.450000	8.99258e-009
4.452000	8.94318e-009
4.454000	8.89293e-009
4.456000	8.84187e-009
4.458000	8.79002e-009
4.460000	8.73742e-009
4.462000	8.68413e-009
4.464000	8.63017e-009
4.466000	8.57559e-009
4.468000	8.52043e-009
4.470000	8.46473e-009
4.472000	8.40854e-009
4.474000	8.35189e-009
4.476000	8.29483e-009
4.478000	8.2374e-009
4.480000	8.17966e-009
4.482000	8.12163e-009
4.484000	8.06337e-009
4.486000	8.00492e-009
4.488000	7.94632e-009
4.490000	7.88762e-009
4.492000	7.82886e-009
4.494000	7.77009e-009
4.496000	7.71135e-009
4.498000	7.65269e-009
4.500000	7.59414e-009
4.502000	7.53575e-009
4.504000	7.47757e-009
4.506000	7.41964e-009
4.508000	7.362e-009
4.510000	7.30468e-009
4.512000	7.24774e-009
4.514000	7.19121e-009
4.516000	7.13514e-009
4.518000	7.07956e-009
4.520000	7.02451e-009
4.522000	6.97002e-009
4.524000	6.91615e-009
4.526000	6.86291e-009
4.528000	6.81036e-009
4.530000	6.75852e-009
4.532000	6.70742e-009
4.534000	6.6571e-009
4.536000	6.6076e-009
4.538000	6.55894e-009
4.540000	6.51115e-009
4.542000	6.46426e-009
4.544000	6.4183e-009
4.546000	6.37329e-009
4.548000	6.32926e-009
4.550000	6.28624e-009
4.552000	6.24425e-009
4.554000	6.20331e-009
4.556000	6.16343e-009
4.558000	6.12465e-009
4.560000	6.08697e-009
4.562000	6.05042e-009
4.564000	6.01501e-009
4.566000	5.98075e-009
4.568000	5.94766e-009
4.570000	5.91575e-009
4.572000	5.88503e-009
4.574000	5.8555e-009
4.576000	5.82718e-009
4.578000	5.80008e-009
4.580000	5.77419e-009
4.582000	5.74952e-009
4.584000	5.72608e-009
4.586000	5.70386e-009
4.588000	5.68286e-009
4.590000	5.66309e-009
4.592000	5.64454e-009
4.594000	5.6272e-009
4.596000	5.61107e-009
4.598000	5.59615e-009
4.600000	5.58242e-009
4.602000	5.56987e-009
4.604000	5.55851e-009
4.606000	5.5483e-009
4.608000	5.53925e-009
4.610000	5.53134e-009
4.612000	5.52455e-009
4.614000	5.51886e-009
4.616000	5.51426e-009
4.618000	5.51074e-009
4.620000	5.50826e-009
4.622000	5.50681e-009
4.624000	5.50638e-009
4.626000	5.50693e-009
4.628000	5.50844e-009
4.630000	5.51089e-009
4.632000	5.51426e-009
4.634000	5.51851e-009
4.636000	5.52363e-009
4.638000	5.52957e-009
4.640000	5.53633e-009
4.642000	5.54386e-009
4.644000	5.55213e-009
4.646000	5.56113e-009
4.648000	5.5708e-009
4.650000	5.58114e-009
4.652000	5.59209e-009
4.654000	5.60364e-009
4.656000	5.61574e-009
4.658000	5.62837e-009
4.660000	5.64148e-009
4.662000	5.65506e-009
4.664000	5.66905e-009
4.666000	5.68344e-009
4.668000	5.69818e-009
4.670000	5.71323e-009
4.672000	5.72857e-009
4.674000	5.74416e-009
4.676000	5.75996e-009
4.678000	5.77595e-009
4.680000	5.79207e-009
4.682000	5.8083e-009
4.684000	5.82461e-009
4.686000	5.84096e-009
4.688000	5.85731e-009
4.690000	5.87364e-009
4.692000	5.8899e-009
4.694000	5.90606e-009
4.696000	5.9221e-009
4.698000	5.93797e-009
4.700000	5.95364e-009
4.702000	5.96909e-009
4.704000	5.98428e-009
4.706000	5.99918e-009
4.708000	6.01375e-009
4.710000	6.02798e-009
4.712000	6.04183e-009
4.714000	6.05526e-009
4.716000	6.06826e-009
4.718000	6.0808e-009
4.720000	6.09284e-009
4.722000	6.10437e-009
4.724000	6.11535e-009
4.726000	6.12577e-009
4.728000	6.13559e-009
4.730000	6.1448e-009
4.732000	6.15338e-009
4.734000	6.1613e-009
4.736000	6.16855e-009
4.738000	6.1751e-009
4.740000	6.18093e-009
4.742000	6.18604e-009
4.744000	6.19039e-009
4.746000	6.19398e-009
4.748000	6.1968e-009
4.750000	6.19882e-009
4.752000	6.20005e-009
4.754000	6.20045e-009
4.756000	6.20003e-009
4.758000	6.19878e-009
4.760000	6.19668e-009
4.762000	6.19374e-009
4.764000	6.18993e-009
4.766000	6.18527e-009
4.768000	6.17974e-009
4.770000	6.17334e-009
4.772000	6.16607e-009
4.774000	6.15793e-009
4.776000	6.14891e-009
4.778000	6.13902e-009
4.780000	6.12827e-009
4.782000	6.11665e-009
4.784000	6.10416e-009
4.786000	6.09082e-009
4.788000	6.07663e-009
4.790000	6.06159e-009
4.792000	6.04572e-009
4.794000	6.02902e-009
4.796000	6.0115e-009
4.798000	5.99318e-009
4.800000	5.97406e-009
4.802000	5.95415e-009
4.804000	5.93348e-009
4.806000	5.91205e-009
4.808000	5.88989e-009
4.810000	5.86699e-009
4.812000	5.84339e-009
4.814000	5.8191e-009
4.816000	5.79413e-009
4.818000	5.76852e-009
4.820000	5.74226e-009
4.822000	5.7154e-009
4.824000	5.68794e-009
4.826000	5.6599e-009
4.828000	5.63132e-009
4.830000	5.60221e-009
4.832000	5.57259e-009
4.834000	5.54249e-009
4.836000	5.51193e-009
4.838000	5.48094e-009
4.840000	5.44954e-009
4.842000	5.41776e-009
4.844000	5.38562e-009
4.846000	5.35315e-009
4.848000	5.32037e-009
4.850000	5.28731e-009
4.852000	5.254e-009
4.854000	5.22046e-009
4.856000	5.18672e-009
4.858000	5.15281e-009
4.860000	5.11875e-009
4.862000	5.08458e-009
4.864000	5.05031e-009
4.866000	5.01598e-009
4.868000	4.98161e-009
4.870000	4.94723e-009
4.872000	4.91287e-009
4.874000	4.87856e-009
4.876000	4.84431e-009
4.878000	4.81016e-009
4.880000	4.77614e-009
4.882000	4.74226e-009
4.884000	4.70856e-009
4.886000	4.67507e-009
4.888000	4.6418e-009
4.890000	4.60878e-009
4.892000	4.57603e-009
4.894000	4.54359e-009
4.896000	4.51147e-009
4.898000	4.4797e-009
4.900000	4.4483e-009
4.902000	4.4173e-009
4.904000	4.3867e-009
4.906000	4.35654e-009
4.908000	4.32684e-009
4.910000	4.29762e-009
4.912000	4.26889e-009
4.914000	4.24068e-009
4.916000	4.21299e-009
4.918000	4.18587e-009
4.920000	4.1593e-009
4.922000	4.13333e-009
4.924000	4.10795e-009
4.926000	4.08319e-009
4.928000	4.05905e-009
4.930000	4.03556e-009
4.932000	4.01272e-009
4.934000	3.99055e-009
4.936000	3.96906e-009
4.938000	3.94825e-009
4.940000	3.92814e-009
4.942000	3.90874e-009
4.944000	3.89005e-009
4.946000	3.87209e-009
4.948000	3.85485e-009
4.950000	3.83835e-009
4.952000	3.82258e-009
4.954000	3.80755e-009
4.956000	3.79327e-009
4.958000	3.77974e-009
4.960000	3.76696e-009
4.962000	3.75492e-009
4.964000	3.74363e-009
4.966000	3.7331e-009
4.968000	3.7233e-009
4.970000	3.71426e-009
4.972000	3.70595e-009
4.974000	3.69838e-009
4.976000	3.69153e-009
4.978000	3.68542e-009
4.980000	3.68002e-009
4.982000	3.67534e-009
4.984000	3.67136e-009
4.986000	3.66807e-009
4.988000	3.66548e-009
4.990000	3.66355e-009
4.992000	3.6623e-009
4.994000	3.66169e-009
4.996000	3.66173e-009
4.998000	3.6624e-009
5.000000	3.66369e-009
5.002000	3.66558e-009
5.004000	3.66805e-009
5.006000	3.6711e-009
5.008000	3.67471e-009
5.010000	3.67886e-009
5.012000	3.68353e-009
5.014000	3.68871e-009
5.016000	3.69439e-009
5.018000	3.70053e-009
5.020000	3.70714e-009
5.022000	3.71417e-009
5.024000	3.72163e-009
5.026000	3.72948e-009
5.028000	3.73771e-009
5.030000	3.7463e-009
5.032000	3.75523e-009
5.034000	3.76447e-009
5.036000	3.77402e-009
5.038000	3.78383e-009
5.040000	3.79391e-009
5.042000	3.80421e-009
5.044000	3.81473e-009
5.046000	3.82544e-009
5.048000	3.83632e-009
5.050000	3.84735e-009
5.052000	3.85851e-009
5.054000	3.86977e-009
5.056000	3.88111e-009
5.058000	3.89251e-009
5.060000	3.90396e-009
5.062000	3.91542e-009
5.064000	3.92688e-009
5.066000	3.93832e-009
5.068000	3.94971e-009
5.070000	3.96104e-009
5.072000	3.97228e-009
5.074000	3.98342e-009
5.076000	3.99443e-009
5.078000	4.00529e-009
5.080000	4.01599e-009
5.082000	4.0265e-009
5.084000	4.03681e-009
5.086000	4.0469e-009
5.088000	4.05675e-009
5.090000	4.06634e-009
5.092000	4.07565e-009
5.094000	4.08468e-009
5.096000	4.09339e-009
5.098000	4.10178e-009
5.100000	4.10982e-009
5.102000	4.11752e-009
5.104000	4.12484e-009
5.106000	4.13178e-009
5.108000	4.13832e-009
5.110000	4.14444e-009
5.112000	4.15015e-009
5.114000	4.15542e-009
5.116000	4.16024e-009
5.118000	4.16461e-009
5.120000	4.16851e-009
5.122000	4.17193e-009
5.124000	4.17487e-009
5.126000	4.17731e-009
5.128000	4.17925e-009
5.130000	4.18068e-009
5.132000	4.18159e-009
5.134000	4.18199e-009
5.136000	4.18185e-009
5.138000	4.18119e-009
5.140000	4.17999e-009
5.142000	4.17825e-009
5.144000	4.17597e-009
5.146000	4.17315e-009
5.148000	4.16979e-009
5.150000	4.16588e-009
5.152000	4.16142e-009
5.154000	4.15642e-009
5.156000	4.15088e-009
5.158000	4.1448e-009
5.160000	4.13817e-009
5.162000	4.13102e-009
5.164000	4.12332e-009
5.166000	4.11511e-009
5.168000	4.10636e-009
5.170000	4.09711e-009
5.172000	4.08734e-009
5.174000	4.07706e-009
5.176000	4.06629e-009
5.178000	4.05502e-009
5.180000	4.04328e-009
5.182000	4.03106e-009
5.184000	4.01838e-009
5.186000	4.00524e-009
5.188000	3.99166e-009
5.190000	3.97765e-009
5.192000	3.96321e-009
5.194000	3.94837e-009
5.196000	3.93312e-009
5.198000	3.91749e-009
5.200000	3.90149e-009
5.202000	3.88513e-009
5.204000	3.86842e-009
5.206000	3.85137e-009
5.208000	3.83401e-009
5.210000	3.81635e-009
5.212000	3.79839e-009
5.214000	3.78017e-009
5.216000	3.76168e-009
5.218000	3.74295e-009
5.220000	3.724e-009
5.222000	3.70483e-009
5.224000	3.68547e-009
5.226000	3.66592e-009
5.228000	3.64622e-009
5.230000	3.62637e-009
5.232000	3.60639e-009
5.234000	3.5863e-009
5.236000	3.56611e-009
5.238000	3.54585e-009
5.240000	3.52552e-009
5.242000	3.50515e-009
5.244000	3.48475e-009
5.246000	3.46434e-009
5.248000	3.44393e-009
5.250000	3.42355e-009
5.252000	3.40321e-009
5.254000	3.38292e-009
5.256000	3.3627e-009
5.258000	3.34258e-009
5.260000	3.32255e-009
5.262000	3.30265e-009
5.264000	3.28288e-009
5.266000	3.26327e-009
5.268000	3.24382e-009
5.270000	3.22455e-009
5.272000	3.20548e-009
5.274000	3.18662e-009
5.276000	3.16799e-009
5.278000	3.14959e-009
5.280000	3.13145e-009
5.282000	3.11358e-009
5.284000	3.09598e-009
5.286000	3.07868e-009
5.288000	3.06168e-009
5.290000	3.045e-009
5.292000	3.02864e-009
5.294000	3.01262e-009
5.296000	2.99695e-009
5.298000	2.98165e-009
5.300000	2.9667e-009
5.302000	2.95214e-009
5.304000	2.93797e-009
5.306000	2.92419e-009
5.308000	2.91081e-009
5.310000	2.89785e-009
5.312000	2.8853e-009
5.314000	2.87318e-009
5.316000	2.86149e-009
5.318000	2.85023e-009
5.320000	2.83942e-009
5.322000	2.82905e-009
5.324000	2.81913e-009
5.326000	2.80966e-009
5.328000	2.80065e-009
5.330000	2.7921e-009
5.332000	2.78401e-009
5.334000	2.77638e-009
5.336000	2.76922e-009
5.338000	2.76252e-009
5.340000	2.75628e-009
5.342000	2.75051e-009
5.344000	2.74519e-009
5.346000	2.74034e-009
5.348000	2.73595e-009
5.350000	2.73202e-009
5.352000	2.72853e-009
5.354000	2.7255e-009
5.356000	2.72292e-009
5.358000	2.72077e-009
5.360000	2.71906e-009
5.362000	2.71779e-009
5.364000	2.71694e-009
5.366000	2.71651e-009
5.368000	2.71649e-009
5.370000	2.71688e-009
5.372000	2.71767e-009
5.374000	2.71885e-009
5.376000	2.72041e-009
5.378000	2.72235e-009
5.380000	2.72465e-009
5.382000	2.72731e-009
5.384000	2.73032e-009
5.386000	2.73366e-009
5.388000	2.73733e-009
5.390000	2.74132e-009
5.392000	2.74561e-009
5.394000	2.75019e-009
5.396000	2.75506e-009
5.398000	2.7602e-009
5.400000	2.76561e-009
5.402000	2.77126e-009
5.404000	2.77714e-009
5.406000	2.78325e-009
5.408000	2.78957e-009
5.410000	2.79608e-009
5.412000	2.80279e-009
5.414000	2.80966e-009
5.416000	2.8167e-009
5.418000	2.82388e-009
5.420000	2.83119e-009
5.422000	2.83862e-009
5.424000	2.84616e-009
5.426000	2.85379e-009
5.428000	2.8615e-009
5.430000	2.86927e-009
5.432000	2.8771e-009
5.434000	2.88497e-009
5.436000	2.89286e-009
5.438000	2.90076e-009
5.440000	2.90867e-009
5.442000	2.91656e-009
5.444000	2.92442e-009
5.446000	2.93224e-009
5.448000	2.94001e-009
5.450000	2.94771e-009
5.452000	2.95533e-009
5.454000	2.96286e-009
5.456000	2.97029e-009
5.458000	2.97761e-009
5.460000	2.98479e-009
5.462000	2.99184e-009
5.464000	2.99874e-009
5.466000	3.00548e-009
5.468000	3.01204e-009
5.470000	3.01842e-009
5.472000	3.02461e-009
5.474000	3.0306e-009
5.476000	3.03637e-009
5.478000	3.04193e-009
5.480000	3.04724e-009
5.482000	3.05232e-009
5.484000	3.05715e-009
5.486000	3.06173e-009
5.488000	3.06603e-009
5.490000	3.07007e-009
5.492000	3.07382e-009
5.494000	3.07729e-009
5.496000	3.08047e-009
5.498000	3.08335e-009
5.500000	3.08592e-009
5.502000	3.08818e-009
5.504000	3.09013e-009
5.506000	3.09175e-009
5.508000	3.09306e-009
5.510000	3.09403e-009
5.512000	3.09468e-009
5.514000	3.09499e-009
5.516000	3.09497e-009
5.518000	3.0946e-009
5.520000	3.0939e-009
5.522000	3.09286e-009
5.524000	3.09147e-009
5.526000	3.08974e-009
5.528000	3.08767e-009
5.530000	3.08525e-009
5.532000	3.08249e-009
5.534000	3.07939e-009
5.536000	3.07595e-009
5.538000	3.07218e-009
5.540000	3.06806e-009
5.542000	3.06362e-009
5.544000	3.05884e-009
5.546000	3.05374e-009
5.548000	3.04831e-009
5.550000	3.04257e-009
5.552000	3.0365e-009
5.554000	3.03013e-009
5.556000	3.02346e-009
5.558000	3.01648e-009
5.560000	3.00921e-009
5.562000	3.00165e-009
5.564000	2.99381e-009
5.566000	2.9857e-009
5.568000	2.97732e-009
5.570000	2.96867e-009
5.572000	2.95977e-009
5.574000	2.95063e-009
5.576000	2.94125e-009
5.578000	2.93164e-009
5.580000	2.9218e-009
5.582000	2.91176e-009
5.584000	2.90151e-009
5.586000	2.89106e-009
5.588000	2.88043e-009
5.590000	2.86962e-009
5.592000	2.85865e-009
5.594000	2.84752e-009
5.596000	2.83624e-009
5.598000	2.82482e-009
5.600000	2.81328e-009
5.602000	2.80162e-009
5.604000	2.78985e-009
5.606000	2.77799e-009
5.608000	2.76604e-009
5.610000	2.75401e-009
5.612000	2.74192e-009
5.614000	2.72978e-009
5.616000	2.71759e-009
5.618000	2.70537e-009
5.620000	2.69313e-009
5.622000	2.68087e-009
5.624000	2.66861e-009
5.626000	2.65636e-009
5.628000	2.64413e-009
5.630000	2.63193e-009
5.632000	2.61977e-009
5.634000	2.60766e-009
5.636000	2.59561e-009
5.638000	2.58363e-009
5.640000	2.57173e-009
5.642000	2.55992e-009
5.644000	2.54821e-009
5.646000	2.53661e-009
5.648000	2.52513e-009
5.650000	2.51377e-009
5.652000	2.50256e-009
5.654000	2.49149e-009
5.656000	2.48057e-009
5.658000	2.46981e-009
5.660000	2.45923e-009
5.662000	2.44882e-009
5.664000	2.4386e-009
5.666000	2.42857e-009
5.668000	2.41875e-009
5.670000	2.40913e-009
5.672000	2.39973e-009
5.674000	2.39055e-009
5.676000	2.3816e-009
5.678000	2.37288e-009
5.680000	2.3644e-009
5.682000	2.35616e-009
5.684000	2.34818e-009
5.686000	2.34045e-009
5.688000	2.33298e-009
5.690000	2.32577e-009
5.692000	2.31883e-009
5.694000	2.31216e-009
5.696000	2.30576e-009
5.698000	2.29964e-009
5.700000	2.2938e-009
5.702000	2.28824e-009
5.704000	2.28297e-009
5.706000	2.27798e-009
5.708000	2.27328e-009
5.710000	2.26887e-009
5.712000	2.26475e-009
5.714000	2.26091e-009
5.716000	2.25737e-009
5.718000	2.25411e-009
5.720000	2.25115e-009
5.722000	2.24847e-009
5.724000	2.24608e-009
5.726000	2.24397e-009
5.728000	2.24215e-009
5.730000	2.24061e-009
5.732000	2.23935e-009
5.734000	2.23837e-009
5.736000	2.23766e-009
5.738000	2.23722e-009
5.740000	2.23704e-009
5.742000	2.23714e-009
5.744000	2.23749e-009
5.746000	2.23809e-009
5.748000	2.23895e-009
5.750000	2.24006e-009
5.752000	2.2414e-009
5.754000	2.24298e-009
5.756000	2.24479e-009
5.758000	2.24683e-009
5.760000	2.24908e-009
5.762000	2.25155e-009
5.764000	2.25422e-009
5.766000	2.2571e-009
5.768000	2.26016e-009
5.770000	2.26342e-009
5.772000	2.26685e-009
5.774000	2.27045e-009
5.776000	2.27422e-009
5.778000	2.27815e-009
5.780000	2.28222e-009
5.782000	2.28644e-009
5.784000	2.29079e-009
5.786000	2.29527e-009
5.788000	2.29987e-009
5.790000	2.30458e-009
5.792000	2.30939e-009
5.794000	2.31429e-009
5.796000	2.31928e-009
5.798000	2.32434e-009
5.800000	2.32948e-009
5.802000	2.33467e-009
5.804000	2.33992e-009
5.806000	2.34521e-009
5.808000	2.35053e-009
5.810000	2.35589e-009
5.812000	2.36126e-009
5.814000	2.36664e-009
5.816000	2.37202e-009
5.818000	2.37739e-009
5.820000	2.38275e-009
5.822000	2.38808e-009
5.824000	2.39339e-009
5.826000	2.39865e-009
5.828000	2.40387e-009
5.830000	2.40903e-009
5.832000	2.41413e-009
5.834000	2.41916e-009
5.836000	2.42411e-009
5.838000	2.42898e-009
5.840000	2.43375e-009
5.842000	2.43842e-009
5.844000	2.44299e-009
5.846000	2.44745e-009
5.848000	2.45178e-009
5.850000	2.45599e-009
5.852000	2.46006e-009
5.854000	2.464e-009
5.856000	2.46779e-009
5.858000	2.47143e-009
5.860000	2.47492e-009
5.862000	2.47825e-009
5.864000	2.48141e-009
5.866000	2.48439e-009
5.868000	2.48721e-009
5.870000	2.48984e-009
5.872000	2.49229e-009
5.874000	2.49456e-009
5.876000	2.49663e-009
5.878000	2.49851e-009
5.880000	2.50018e-009
5.882000	2.50166e-009
5.884000	2.50294e-009
5.886000	2.504e-009
5.888000	2.50486e-009
5.890000	2.50551e-009
5.892000	2.50595e-009
5.894000	2.50617e-009
5.896000	2.50618e-009
5.898000	2.50598e-009
5.900000	2.50555e-009
5.902000	2.50491e-009
5.904000	2.50406e-009
5.906000	2.50298e-009
5.908000	2.50169e-009
5.910000	2.50018e-009
5.912000	2.49846e-009
5.914000	2.49652e-009
5.916000	2.49437e-009
5.918000	2.49201e-009
5.920000	2.48944e-009
5.922000	2.48666e-009
5.924000	2.48368e-009
5.926000	2.48049e-009
5.928000	2.4771e-009
5.930000	2.47351e-009
5.932000	2.46973e-009
5.934000	2.46575e-009
5.936000	2.46159e-009
5.938000	2.45725e-009
5.940000	2.45272e-009
5.942000	2.44802e-009
5.944000	2.44314e-009
5.946000	2.4381e-009
5.948000	2.4329e-009
5.950000	2.42753e-009
5.952000	2.42201e-009
5.954000	2.41635e-009
5.956000	2.41054e-009
5.958000	2.40459e-009
5.960000	2.39851e-009
5.962000	2.39231e-009
5.964000	2.38598e-009
5.966000	2.37954e-009
5.968000	2.37299e-009
5.970000	2.36634e-009
5.972000	2.35958e-009
5.974000	2.35274e-009
5.976000	2.34582e-009
5.978000	2.33881e-009
5.980000	2.33174e-009
5.982000	2.3246e-009
5.984000	2.3174e-009
5.986000	2.31015e-009
5.988000	2.30285e-009
5.990000	2.29552e-009
5.992000	2.28815e-009
5.994000	2.28076e-009
5.996000	2.27335e-009
5.998000	2.26593e-009
