0.000000	0.101561
0.002000	0.101526
0.004000	0.101519
0.006000	0.101485
0.008000	0.101467
0.010000	0.101439
0.012000	0.101404
0.014000	0.101372
0.016000	0.101338
0.018000	0.101303
0.020000	0.101269
0.022000	0.101234
0.024000	0.1012
0.026000	0.101166
0.028000	0.101131
0.030000	0.101097
0.032000	0.101063
0.034000	0.101028
0.036000	0.100994
0.038000	0.10096
0.040000	0.100925
0.042000	0.100891
0.044000	0.100857
0.046000	0.100822
0.048000	0.100788
0.050000	0.100753
0.052000	0.100719
0.054000	0.100685
0.056000	0.10065
0.058000	0.100616
0.060000	0.100581
0.062000	0.100547
0.064000	0.100512
0.066000	0.100478
0.068000	0.100443
0.070000	0.100409
0.072000	0.100374
0.074000	0.100339
0.076000	0.100305
0.078000	0.10027
0.080000	0.100235
0.082000	0.100201
0.084000	0.100166
0.086000	0.100131
0.088000	0.100096
0.090000	0.100062
0.092000	0.100027
0.094000	0.099992
0.096000	0.0999571
0.098000	0.0999221
0.100000	0.0998872
0.102000	0.0998522
0.104000	0.0998171
0.106000	0.099782
0.108000	0.0997469
0.110000	0.0997118
0.112000	0.0996766
0.114000	0.0996413
0.116000	0.0996061
0.118000	0.0995707
0.120000	0.0995354
0.122000	0.0995
0.124000	0.0994645
0.126000	0.099429
0.128000	0.0993934
0.130000	0.0993578
0.132000	0.0993222
0.134000	0.0992865
0.136000	0.0992507
0.138000	0.0992149
0.140000	0.099179
0.142000	0.0991431
0.144000	0.0991071
0.146000	0.0990711
0.148000	0.099035
0.150000	0.0989989
0.152000	0.0989626
0.154000	0.0989263
0.156000	0.09889
0.158000	0.0988536
0.160000	0.0988171
0.162000	0.0987806
0.164000	0.0987439
0.166000	0.0987073
0.168000	0.0986705
0.170000	0.0986337
0.172000	0.0985968
0.174000	0.0985598
0.176000	0.0985227
0.178000	0.0984856
0.180000	0.0984484
0.182000	0.0984111
0.184000	0.0983737
0.186000	0.0983363
0.188000	0.0982987
0.190000	0.0982611
0.192000	0.0982234
0.194000	0.0981856
0.196000	0.0981477
0.198000	0.0981097
0.200000	0.0980717
0.202000	0.0980335
0.204000	0.0979952
0.206000	0.0979569
0.208000	0.0979184
0.210000	0.0978799
0.212000	0.0978412
0.214000	0.0978024
0.216000	0.0977636
0.218000	0.0977246
0.220000	0.0976855
0.222000	0.0976463
0.224000	0.097607
0.226000	0.0975676
0.228000	0.0975281
0.230000	0.0974885
0.232000	0.0974487
0.234000	0.0974088
0.236000	0.0973688
0.238000	0.0973287
0.240000	0.0972885
0.242000	0.0972481
0.244000	0.0972076
0.246000	0.097167
0.248000	0.0971262
0.250000	0.0970853
0.252000	0.0970443
0.254000	0.0970031
0.256000	0.0969618
0.258000	0.0969204
0.260000	0.0968788
0.262000	0.0968371
0.264000	0.0967952
0.266000	0.0967531
0.268000	0.096711
0.270000	0.0966686
0.272000	0.0966261
0.274000	0.0965835
0.276000	0.0965407
0.278000	0.0964977
0.280000	0.0964546
0.282000	0.0964113
0.284000	0.0963678
0.286000	0.0963242
0.288000	0.0962803
0.290000	0.0962363
0.292000	0.0961922
0.294000	0.0961478
0.296000	0.0961033
0.298000	0.0960585
0.300000	0.0960136
0.302000	0.0959685
0.304000	0.0959232
0.306000	0.0958777
0.308000	0.095832
0.310000	0.0957861
0.312000	0.09574
0.314000	0.0956937
0.316000	0.0956471
0.318000	0.0956004
0.320000	0.0955534
0.322000	0.0955062
0.324000	0.0954588
0.326000	0.0954112
0.328000	0.0953633
0.330000	0.0953152
0.332000	0.0952669
0.334000	0.0952183
0.336000	0.0951694
0.338000	0.0951203
0.340000	0.095071
0.342000	0.0950214
0.344000	0.0949716
0.346000	0.0949214
0.348000	0.094871
0.350000	0.0948204
0.352000	0.0947695
0.354000	0.0947182
0.356000	0.0946667
0.358000	0.0946149
0.360000	0.0945629
0.362000	0.0945105
0.364000	0.0944578
0.366000	0.0944048
0.368000	0.0943515
0.370000	0.0942979
0.372000	0.0942439
0.374000	0.0941896
0.376000	0.094135
0.378000	0.0940801
0.380000	0.0940248
0.382000	0.0939692
0.384000	0.0939132
0.386000	0.0938568
0.388000	0.0938001
0.390000	0.093743
0.392000	0.0936855
0.394000	0.0936277
0.396000	0.0935694
0.398000	0.0935108
0.400000	0.0934517
0.402000	0.0933923
0.404000	0.0933324
0.406000	0.0932721
0.408000	0.0932114
0.410000	0.0931502
0.412000	0.0930886
0.414000	0.0930265
0.416000	0.092964
0.418000	0.0929009
0.420000	0.0928374
0.422000	0.0927735
0.424000	0.092709
0.426000	0.092644
0.428000	0.0925785
0.430000	0.0925125
0.432000	0.0924459
0.434000	0.0923788
0.436000	0.0923111
0.438000	0.0922429
0.440000	0.0921741
0.442000	0.0921047
0.444000	0.0920347
0.446000	0.0919641
0.448000	0.0918928
0.450000	0.091821
0.452000	0.0917484
0.454000	0.0916753
0.456000	0.0916014
0.458000	0.0915269
0.460000	0.0914516
0.462000	0.0913757
0.464000	0.091299
0.466000	0.0912216
0.468000	0.0911434
0.470000	0.0910644
0.472000	0.0909846
0.474000	0.090904
0.476000	0.0908226
0.478000	0.0907403
0.480000	0.0906572
0.482000	0.0905732
0.484000	0.0904883
0.486000	0.0904024
0.488000	0.0903156
0.490000	0.0902278
0.492000	0.090139
0.494000	0.0900492
0.496000	0.0899584
0.498000	0.0898665
0.500000	0.0897735
0.502000	0.0896793
0.504000	0.0895841
0.506000	0.0894876
0.508000	0.08939
0.510000	0.0892911
0.512000	0.0891909
0.514000	0.0890894
0.516000	0.0889866
0.518000	0.0888824
0.520000	0.0887767
0.522000	0.0886697
0.524000	0.0885611
0.526000	0.088451
0.528000	0.0883393
0.530000	0.088226
0.532000	0.088111
0.534000	0.0879943
0.536000	0.0878758
0.538000	0.0877555
0.540000	0.0876333
0.542000	0.0875092
0.544000	0.0873831
0.546000	0.0872548
0.548000	0.0871245
0.550000	0.0869919
0.552000	0.0868571
0.554000	0.0867198
0.556000	0.0865802
0.558000	0.086438
0.560000	0.0862932
0.562000	0.0861457
0.564000	0.0859954
0.566000	0.0858421
0.568000	0.0856859
0.570000	0.0855264
0.572000	0.0853638
0.574000	0.0851977
0.576000	0.085028
0.578000	0.0848547
0.580000	0.0846776
0.582000	0.0844964
0.584000	0.084311
0.586000	0.0841213
0.588000	0.083927
0.590000	0.0837278
0.592000	0.0835237
0.594000	0.0833143
0.596000	0.0830993
0.598000	0.0828786
0.600000	0.0826517
0.602000	0.0824183
0.604000	0.0821781
0.606000	0.0819307
0.608000	0.0816757
0.610000	0.0814126
0.612000	0.0811409
0.614000	0.08086
0.616000	0.0805694
0.618000	0.0802685
0.620000	0.0799563
0.622000	0.0796323
0.624000	0.0792955
0.626000	0.078945
0.628000	0.0785796
0.630000	0.0781982
0.632000	0.0777996
0.634000	0.0773823
0.636000	0.0769448
0.638000	0.0764855
0.640000	0.0760027
0.642000	0.0754946
0.644000	0.0749595
0.646000	0.0743956
0.648000	0.0738014
0.650000	0.0731754
0.652000	0.0725165
0.654000	0.0718241
0.656000	0.0710977
0.658000	0.0703372
0.660000	0.069543
0.662000	0.0687155
0.664000	0.0678553
0.666000	0.0669633
0.668000	0.0660401
0.670000	0.0650863
0.672000	0.0641025
0.674000	0.0630893
0.676000	0.0620471
0.678000	0.0609763
0.680000	0.0598775
0.682000	0.058751
0.684000	0.0575976
0.686000	0.0564181
0.688000	0.0552132
0.690000	0.053984
0.692000	0.052732
0.694000	0.0514584
0.696000	0.050165
0.698000	0.0488536
0.700000	0.0475265
0.702000	0.046186
0.704000	0.0448345
0.706000	0.0434749
0.708000	0.04211
0.710000	0.040743
0.712000	0.0393771
0.714000	0.0380157
0.716000	0.0366621
0.718000	0.0353198
0.720000	0.0339923
0.722000	0.032683
0.724000	0.0313954
0.726000	0.0301327
0.728000	0.028898
0.730000	0.0276944
0.732000	0.0265245
0.734000	0.025391
0.736000	0.0242959
0.738000	0.0232414
0.740000	0.0222291
0.742000	0.0212604
0.744000	0.0203363
0.746000	0.0194575
0.748000	0.0186245
0.750000	0.0178373
0.752000	0.0170958
0.754000	0.0163995
0.756000	0.0157478
0.758000	0.0151396
0.760000	0.0145738
0.762000	0.014049
0.764000	0.0135638
0.766000	0.0131165
0.768000	0.0127054
0.770000	0.0123287
0.772000	0.0119843
0.774000	0.0116705
0.776000	0.0113853
0.778000	0.0111266
0.780000	0.0108927
0.782000	0.0106815
0.784000	0.0104911
0.786000	0.0103199
0.788000	0.010166
0.790000	0.0100278
0.792000	0.00990356
0.794000	0.00979186
0.796000	0.00969122
0.798000	0.00960028
0.800000	0.00951776
0.802000	0.00944246
0.804000	0.00937327
0.806000	0.00930916
0.808000	0.00924918
0.810000	0.00919244
0.812000	0.00913816
0.814000	0.00908561
0.816000	0.00903412
0.818000	0.0089831
0.820000	0.00893202
0.822000	0.00888041
0.824000	0.00882785
0.826000	0.00877397
0.828000	0.00871845
0.830000	0.00866102
0.832000	0.00860145
0.834000	0.00853956
0.836000	0.00847517
0.838000	0.00840818
0.840000	0.0083385
0.842000	0.00826606
0.844000	0.00819082
0.846000	0.00811279
0.848000	0.00803196
0.850000	0.00794837
0.852000	0.00786208
0.854000	0.00777314
0.856000	0.00768164
0.858000	0.00758767
0.860000	0.00749134
0.862000	0.00739276
0.864000	0.00729206
0.866000	0.00718938
0.868000	0.00708485
0.870000	0.00697862
0.872000	0.00687083
0.874000	0.00676166
0.876000	0.00665124
0.878000	0.00653975
0.880000	0.00642734
0.882000	0.00631418
0.884000	0.00620042
0.886000	0.00608623
0.888000	0.00597176
0.890000	0.00585719
0.892000	0.00574265
0.894000	0.00562831
0.896000	0.00551432
0.898000	0.00540082
0.900000	0.00528796
0.902000	0.00517587
0.904000	0.00506469
0.906000	0.00495455
0.908000	0.00484557
0.910000	0.00473788
0.912000	0.00463158
0.914000	0.00452679
0.916000	0.0044236
0.918000	0.00432212
0.920000	0.00422243
0.922000	0.00412463
0.924000	0.00402878
0.926000	0.00393496
0.928000	0.00384324
0.930000	0.00375368
0.932000	0.00366633
0.934000	0.00358124
0.936000	0.00349845
0.938000	0.003418
0.940000	0.00333992
0.942000	0.00326423
0.944000	0.00319095
0.946000	0.00312009
0.948000	0.00305167
0.950000	0.00298568
0.952000	0.00292212
0.954000	0.00286098
0.956000	0.00280226
0.958000	0.00274593
0.960000	0.00269198
0.962000	0.00264037
0.964000	0.00259108
0.966000	0.00254407
0.968000	0.00249931
0.970000	0.00245676
0.972000	0.00241638
0.974000	0.00237811
0.976000	0.00234191
0.978000	0.00230772
0.980000	0.0022755
0.982000	0.00224518
0.984000	0.00221671
0.986000	0.00219002
0.988000	0.00216507
0.990000	0.00214177
0.992000	0.00212008
0.994000	0.00209992
0.996000	0.00208123
0.998000	0.00206394
1.000000	0.00204799
1.002000	0.00203331
1.004000	0.00201984
1.006000	0.0020075
1.008000	0.00199622
1.010000	0.00198596
1.012000	0.00197663
1.014000	0.00196817
1.016000	0.00196053
1.018000	0.00195363
1.020000	0.00194741
1.022000	0.00194182
1.024000	0.00193679
1.026000	0.00193227
1.028000	0.00192819
1.030000	0.0019245
1.032000	0.00192116
1.034000	0.00191809
1.036000	0.00191526
1.038000	0.00191261
1.040000	0.0019101
1.042000	0.00190769
1.044000	0.00190531
1.046000	0.00190294
1.048000	0.00190054
1.050000	0.00189806
1.052000	0.00189547
1.054000	0.00189274
1.056000	0.00188983
1.058000	0.00188671
1.060000	0.00188335
1.062000	0.00187973
1.064000	0.00187581
1.066000	0.00187159
1.068000	0.00186703
1.070000	0.00186211
1.072000	0.00185683
1.074000	0.00185116
1.076000	0.00184508
1.078000	0.00183859
1.080000	0.00183168
1.082000	0.00182433
1.084000	0.00181655
1.086000	0.00180831
1.088000	0.00179962
1.090000	0.00179048
1.092000	0.00178089
1.094000	0.00177083
1.096000	0.00176033
1.098000	0.00174937
1.100000	0.00173796
1.102000	0.00172611
1.104000	0.00171382
1.106000	0.00170111
1.108000	0.00168797
1.110000	0.00167442
1.112000	0.00166047
1.114000	0.00164613
1.116000	0.00163142
1.118000	0.00161634
1.120000	0.00160091
1.122000	0.00158514
1.124000	0.00156905
1.126000	0.00155265
1.128000	0.00153597
1.130000	0.00151901
1.132000	0.0015018
1.134000	0.00148435
1.136000	0.00146667
1.138000	0.0014488
1.140000	0.00143074
1.142000	0.00141251
1.144000	0.00139414
1.146000	0.00137564
1.148000	0.00135703
1.150000	0.00133833
1.152000	0.00131956
1.154000	0.00130073
1.156000	0.00128188
1.158000	0.00126301
1.160000	0.00124414
1.162000	0.00122529
1.164000	0.00120649
1.166000	0.00118774
1.168000	0.00116907
1.170000	0.00115049
1.172000	0.00113202
1.174000	0.00111368
1.176000	0.00109548
1.178000	0.00107743
1.180000	0.00105957
1.182000	0.00104188
1.184000	0.0010244
1.186000	0.00100714
1.188000	0.000990108
1.190000	0.000973315
1.192000	0.000956777
1.194000	0.000940505
1.196000	0.000924509
1.198000	0.0009088
1.200000	0.000893387
1.202000	0.000878281
1.204000	0.000863489
1.206000	0.000849019
1.208000	0.000834879
1.210000	0.000821075
1.212000	0.000807614
1.214000	0.000794501
1.216000	0.00078174
1.218000	0.000769337
1.220000	0.000757294
1.222000	0.000745614
1.224000	0.0007343
1.226000	0.000723353
1.228000	0.000712775
1.230000	0.000702567
1.232000	0.000692728
1.234000	0.000683257
1.236000	0.000674154
1.238000	0.000665416
1.240000	0.000657043
1.242000	0.00064903
1.244000	0.000641375
1.246000	0.000634074
1.248000	0.000627123
1.250000	0.000620518
1.252000	0.000614252
1.254000	0.000608321
1.256000	0.000602719
1.258000	0.000597439
1.260000	0.000592476
1.262000	0.000587821
1.264000	0.000583468
1.266000	0.000579409
1.268000	0.000575635
1.270000	0.00057214
1.272000	0.000568914
1.274000	0.000565949
1.276000	0.000563235
1.278000	0.000560764
1.280000	0.000558527
1.282000	0.000556513
1.284000	0.000554714
1.286000	0.00055312
1.288000	0.00055172
1.290000	0.000550506
1.292000	0.000549467
1.294000	0.000548592
1.296000	0.000547873
1.298000	0.000547299
1.300000	0.00054686
1.302000	0.000546546
1.304000	0.000546347
1.306000	0.000546254
1.308000	0.000546256
1.310000	0.000546343
1.312000	0.000546507
1.314000	0.000546737
1.316000	0.000547024
1.318000	0.000547359
1.320000	0.000547732
1.322000	0.000548136
1.324000	0.00054856
1.326000	0.000548997
1.328000	0.000549438
1.330000	0.000549875
1.332000	0.0005503
1.334000	0.000550705
1.336000	0.000551083
1.338000	0.000551426
1.340000	0.000551728
1.342000	0.000551982
1.344000	0.000552181
1.346000	0.00055232
1.348000	0.000552391
1.350000	0.000552391
1.352000	0.000552312
1.354000	0.000552151
1.356000	0.000551902
1.358000	0.000551561
1.360000	0.000551123
1.362000	0.000550585
1.364000	0.000549944
1.366000	0.000549195
1.368000	0.000548336
1.370000	0.000547364
1.372000	0.000546276
1.374000	0.000545071
1.376000	0.000543746
1.378000	0.0005423
1.380000	0.000540732
1.382000	0.000539041
1.384000	0.000537225
1.386000	0.000535284
1.388000	0.000533219
1.390000	0.000531029
1.392000	0.000528714
1.394000	0.000526276
1.396000	0.000523714
1.398000	0.00052103
1.400000	0.000518225
1.402000	0.000515301
1.404000	0.000512259
1.406000	0.000509102
1.408000	0.000505831
1.410000	0.000502448
1.412000	0.000498957
1.414000	0.00049536
1.416000	0.00049166
1.418000	0.00048786
1.420000	0.000483963
1.422000	0.000479972
1.424000	0.000475892
1.426000	0.000471725
1.428000	0.000467476
1.430000	0.000463148
1.432000	0.000458745
1.434000	0.000454271
1.436000	0.000449732
1.438000	0.00044513
1.440000	0.00044047
1.442000	0.000435757
1.444000	0.000430994
1.446000	0.000426188
1.448000	0.000421341
1.450000	0.000416459
1.452000	0.000411546
1.454000	0.000406608
1.456000	0.000401647
1.458000	0.00039667
1.460000	0.000391681
1.462000	0.000386683
1.464000	0.000381683
1.466000	0.000376684
1.468000	0.000371691
1.470000	0.000366709
1.472000	0.000361741
1.474000	0.000356793
1.476000	0.000351868
1.478000	0.00034697
1.480000	0.000342104
1.482000	0.000337275
1.484000	0.000332484
1.486000	0.000327738
1.488000	0.000323039
1.490000	0.000318391
1.492000	0.000313798
1.494000	0.000309263
1.496000	0.000304789
1.498000	0.00030038
1.500000	0.000296038
1.502000	0.000291767
1.504000	0.00028757
1.506000	0.000283449
1.508000	0.000279406
1.510000	0.000275445
1.512000	0.000271567
1.514000	0.000267775
1.516000	0.00026407
1.518000	0.000260454
1.520000	0.00025693
1.522000	0.000253498
1.524000	0.00025016
1.526000	0.000246917
1.528000	0.000243771
1.530000	0.000240722
1.532000	0.000237771
1.534000	0.000234919
1.536000	0.000232167
1.538000	0.000229514
1.540000	0.000226961
1.542000	0.000224507
1.544000	0.000222154
1.546000	0.000219901
1.548000	0.000217747
1.550000	0.000215692
1.552000	0.000213735
1.554000	0.000211876
1.556000	0.000210114
1.558000	0.000208447
1.560000	0.000206876
1.562000	0.000205397
1.564000	0.000204011
1.566000	0.000202716
1.568000	0.00020151
1.570000	0.000200391
1.572000	0.000199358
1.574000	0.000198409
1.576000	0.000197543
1.578000	0.000196756
1.580000	0.000196047
1.582000	0.000195414
1.584000	0.000194854
1.586000	0.000194366
1.588000	0.000193946
1.590000	0.000193593
1.592000	0.000193303
1.594000	0.000193075
1.596000	0.000192906
1.598000	0.000192793
1.600000	0.000192733
1.602000	0.000192723
1.604000	0.000192762
1.606000	0.000192846
1.608000	0.000192972
1.610000	0.000193137
1.612000	0.00019334
1.614000	0.000193576
1.616000	0.000193844
1.618000	0.00019414
1.620000	0.000194461
1.622000	0.000194805
1.624000	0.000195169
1.626000	0.00019555
1.628000	0.000195946
1.630000	0.000196353
1.632000	0.00019677
1.634000	0.000197192
1.636000	0.000197619
1.638000	0.000198046
1.640000	0.000198473
1.642000	0.000198895
1.644000	0.000199311
1.646000	0.000199719
1.648000	0.000200115
1.650000	0.000200499
1.652000	0.000200867
1.654000	0.000201217
1.656000	0.000201548
1.658000	0.000201857
1.660000	0.000202142
1.662000	0.000202402
1.664000	0.000202635
1.666000	0.000202839
1.668000	0.000203012
1.670000	0.000203153
1.672000	0.000203261
1.674000	0.000203334
1.676000	0.00020337
1.678000	0.000203368
1.680000	0.000203329
1.682000	0.000203249
1.684000	0.000203128
1.686000	0.000202966
1.688000	0.000202762
1.690000	0.000202514
1.692000	0.000202223
1.694000	0.000201887
1.696000	0.000201507
1.698000	0.000201081
1.700000	0.00020061
1.702000	0.000200093
1.704000	0.000199531
1.706000	0.000198923
1.708000	0.000198268
1.710000	0.000197568
1.712000	0.000196823
1.714000	0.000196032
1.716000	0.000195196
1.718000	0.000194316
1.720000	0.000193392
1.722000	0.000192424
1.724000	0.000191414
1.726000	0.000190361
1.728000	0.000189267
1.730000	0.000188132
1.732000	0.000186958
1.734000	0.000185744
1.736000	0.000184493
1.738000	0.000183206
1.740000	0.000181882
1.742000	0.000180524
1.744000	0.000179133
1.746000	0.00017771
1.748000	0.000176256
1.750000	0.000174772
1.752000	0.000173261
1.754000	0.000171722
1.756000	0.000170159
1.758000	0.000168571
1.760000	0.000166962
1.762000	0.000165331
1.764000	0.000163682
1.766000	0.000162014
1.768000	0.00016033
1.770000	0.000158632
1.772000	0.000156921
1.774000	0.000155198
1.776000	0.000153466
1.778000	0.000151725
1.780000	0.000149978
1.782000	0.000148226
1.784000	0.000146471
1.786000	0.000144713
1.788000	0.000142956
1.790000	0.0001412
1.792000	0.000139447
1.794000	0.000137699
1.796000	0.000135957
1.798000	0.000134222
1.800000	0.000132497
1.802000	0.000130782
1.804000	0.000129079
1.806000	0.00012739
1.808000	0.000125715
1.810000	0.000124057
1.812000	0.000122417
1.814000	0.000120795
1.816000	0.000119193
1.818000	0.000117612
1.820000	0.000116054
1.822000	0.00011452
1.824000	0.00011301
1.826000	0.000111527
1.828000	0.000110069
1.830000	0.00010864
1.832000	0.00010724
1.834000	0.000105869
1.836000	0.000104528
1.838000	0.000103218
1.840000	0.000101941
1.842000	0.000100696
1.844000	9.94839e-005
1.846000	9.83059e-005
1.848000	9.71621e-005
1.850000	9.60531e-005
1.852000	9.49794e-005
1.854000	9.39412e-005
1.856000	9.29389e-005
1.858000	9.19728e-005
1.860000	9.10431e-005
1.862000	9.015e-005
1.864000	8.92935e-005
1.866000	8.84738e-005
1.868000	8.76909e-005
1.870000	8.69446e-005
1.872000	8.62351e-005
1.874000	8.55621e-005
1.876000	8.49254e-005
1.878000	8.43248e-005
1.880000	8.37601e-005
1.882000	8.32309e-005
1.884000	8.27369e-005
1.886000	8.22777e-005
1.888000	8.18528e-005
1.890000	8.14617e-005
1.892000	8.1104e-005
1.894000	8.0779e-005
1.896000	8.04861e-005
1.898000	8.02248e-005
1.900000	7.99943e-005
1.902000	7.97939e-005
1.904000	7.96228e-005
1.906000	7.94804e-005
1.908000	7.93658e-005
1.910000	7.92782e-005
1.912000	7.92166e-005
1.914000	7.91803e-005
1.916000	7.91683e-005
1.918000	7.91798e-005
1.920000	7.92136e-005
1.922000	7.9269e-005
1.924000	7.93448e-005
1.926000	7.94401e-005
1.928000	7.95539e-005
1.930000	7.96852e-005
1.932000	7.98328e-005
1.934000	7.99958e-005
1.936000	8.01731e-005
1.938000	8.03637e-005
1.940000	8.05664e-005
1.942000	8.07802e-005
1.944000	8.10041e-005
1.946000	8.12369e-005
1.948000	8.14776e-005
1.950000	8.17251e-005
1.952000	8.19784e-005
1.954000	8.22363e-005
1.956000	8.2498e-005
1.958000	8.27622e-005
1.960000	8.3028e-005
1.962000	8.32944e-005
1.964000	8.35603e-005
1.966000	8.38248e-005
1.968000	8.40869e-005
1.970000	8.43457e-005
1.972000	8.46001e-005
1.974000	8.48493e-005
1.976000	8.50924e-005
1.978000	8.53284e-005
1.980000	8.55566e-005
1.982000	8.57761e-005
1.984000	8.5986e-005
1.986000	8.61857e-005
1.988000	8.63743e-005
1.990000	8.65511e-005
1.992000	8.67155e-005
1.994000	8.68666e-005
1.996000	8.7004e-005
1.998000	8.71269e-005
2.000000	8.72348e-005
2.002000	8.73271e-005
2.004000	8.74033e-005
2.006000	8.74629e-005
2.008000	8.75054e-005
2.010000	8.75305e-005
2.012000	8.75376e-005
2.014000	8.75265e-005
2.016000	8.74969e-005
2.018000	8.74483e-005
2.020000	8.73806e-005
2.022000	8.72935e-005
2.024000	8.71868e-005
2.026000	8.70604e-005
2.028000	8.69141e-005
2.030000	8.67478e-005
2.032000	8.65615e-005
2.034000	8.63551e-005
2.036000	8.61286e-005
2.038000	8.5882e-005
2.040000	8.56155e-005
2.042000	8.5329e-005
2.044000	8.50227e-005
2.046000	8.46968e-005
2.048000	8.43515e-005
2.050000	8.39869e-005
2.052000	8.36033e-005
2.054000	8.32009e-005
2.056000	8.27801e-005
2.058000	8.23412e-005
2.060000	8.18845e-005
2.062000	8.14104e-005
2.064000	8.09192e-005
2.066000	8.04115e-005
2.068000	7.98875e-005
2.070000	7.93479e-005
2.072000	7.87931e-005
2.074000	7.82235e-005
2.076000	7.76397e-005
2.078000	7.70423e-005
2.080000	7.64317e-005
2.082000	7.58086e-005
2.084000	7.51736e-005
2.086000	7.45272e-005
2.088000	7.38701e-005
2.090000	7.32028e-005
2.092000	7.25261e-005
2.094000	7.18406e-005
2.096000	7.11468e-005
2.098000	7.04456e-005
2.100000	6.97375e-005
2.102000	6.90232e-005
2.104000	6.83035e-005
2.106000	6.75789e-005
2.108000	6.68503e-005
2.110000	6.61182e-005
2.112000	6.53833e-005
2.114000	6.46464e-005
2.116000	6.39082e-005
2.118000	6.31693e-005
2.120000	6.24303e-005
2.122000	6.16921e-005
2.124000	6.09552e-005
2.126000	6.02204e-005
2.128000	5.94882e-005
2.130000	5.87594e-005
2.132000	5.80345e-005
2.134000	5.73142e-005
2.136000	5.65992e-005
2.138000	5.58901e-005
2.140000	5.51874e-005
2.142000	5.44917e-005
2.144000	5.38036e-005
2.146000	5.31238e-005
2.148000	5.24526e-005
2.150000	5.17907e-005
2.152000	5.11385e-005
2.154000	5.04966e-005
2.156000	4.98655e-005
2.158000	4.92455e-005
2.160000	4.86373e-005
2.162000	4.8041e-005
2.164000	4.74573e-005
2.166000	4.68864e-005
2.168000	4.63288e-005
2.170000	4.57847e-005
2.172000	4.52546e-005
2.174000	4.47387e-005
2.176000	4.42372e-005
2.178000	4.37505e-005
2.180000	4.32789e-005
2.182000	4.28224e-005
2.184000	4.23814e-005
2.186000	4.19559e-005
2.188000	4.15462e-005
2.190000	4.11524e-005
2.192000	4.07745e-005
2.194000	4.04128e-005
2.196000	4.00671e-005
2.198000	3.97377e-005
2.200000	3.94244e-005
2.202000	3.91274e-005
2.204000	3.88465e-005
2.206000	3.85818e-005
2.208000	3.83332e-005
2.210000	3.81005e-005
2.212000	3.78837e-005
2.214000	3.76828e-005
2.216000	3.74974e-005
2.218000	3.73275e-005
2.220000	3.71728e-005
2.222000	3.70333e-005
2.224000	3.69086e-005
2.226000	3.67985e-005
2.228000	3.67028e-005
2.230000	3.66211e-005
2.232000	3.65533e-005
2.234000	3.6499e-005
2.236000	3.64579e-005
2.238000	3.64297e-005
2.240000	3.64139e-005
2.242000	3.64104e-005
2.244000	3.64186e-005
2.246000	3.64382e-005
2.248000	3.64688e-005
2.250000	3.651e-005
2.252000	3.65614e-005
2.254000	3.66226e-005
2.256000	3.66931e-005
2.258000	3.67725e-005
2.260000	3.68603e-005
2.262000	3.69561e-005
2.264000	3.70595e-005
2.266000	3.71698e-005
2.268000	3.72868e-005
2.270000	3.74099e-005
2.272000	3.75386e-005
2.274000	3.76724e-005
2.276000	3.78109e-005
2.278000	3.79536e-005
2.280000	3.80999e-005
2.282000	3.82495e-005
2.284000	3.84018e-005
2.286000	3.85564e-005
2.288000	3.87127e-005
2.290000	3.88702e-005
2.292000	3.90286e-005
2.294000	3.91874e-005
2.296000	3.9346e-005
2.298000	3.9504e-005
2.300000	3.9661e-005
2.302000	3.98165e-005
2.304000	3.997e-005
2.306000	4.01212e-005
2.308000	4.02696e-005
2.310000	4.04148e-005
2.312000	4.05565e-005
2.314000	4.0694e-005
2.316000	4.08272e-005
2.318000	4.09557e-005
2.320000	4.1079e-005
2.322000	4.11968e-005
2.324000	4.13087e-005
2.326000	4.14145e-005
2.328000	4.15138e-005
2.330000	4.16064e-005
2.332000	4.16918e-005
2.334000	4.17699e-005
2.336000	4.18403e-005
2.338000	4.19029e-005
2.340000	4.19574e-005
2.342000	4.20035e-005
2.344000	4.20411e-005
2.346000	4.20699e-005
2.348000	4.20899e-005
2.350000	4.21007e-005
2.352000	4.21023e-005
2.354000	4.20946e-005
2.356000	4.20774e-005
2.358000	4.20506e-005
2.360000	4.20141e-005
2.362000	4.19679e-005
2.364000	4.19119e-005
2.366000	4.1846e-005
2.368000	4.17702e-005
2.370000	4.16846e-005
2.372000	4.15891e-005
2.374000	4.14838e-005
2.376000	4.13686e-005
2.378000	4.12436e-005
2.380000	4.11089e-005
2.382000	4.09645e-005
2.384000	4.08106e-005
2.386000	4.06472e-005
2.388000	4.04745e-005
2.390000	4.02926e-005
2.392000	4.01015e-005
2.394000	3.99016e-005
2.396000	3.96929e-005
2.398000	3.94756e-005
2.400000	3.925e-005
2.402000	3.90161e-005
2.404000	3.87743e-005
2.406000	3.85247e-005
2.408000	3.82675e-005
2.410000	3.80031e-005
2.412000	3.77317e-005
2.414000	3.74534e-005
2.416000	3.71687e-005
2.418000	3.68777e-005
2.420000	3.65807e-005
2.422000	3.6278e-005
2.424000	3.597e-005
2.426000	3.56569e-005
2.428000	3.5339e-005
2.430000	3.50167e-005
2.432000	3.46902e-005
2.434000	3.43599e-005
2.436000	3.4026e-005
2.438000	3.3689e-005
2.440000	3.33492e-005
2.442000	3.30068e-005
2.444000	3.26622e-005
2.446000	3.23158e-005
2.448000	3.19679e-005
2.450000	3.16188e-005
2.452000	3.12688e-005
2.454000	3.09183e-005
2.456000	3.05676e-005
2.458000	3.02171e-005
2.460000	2.9867e-005
2.462000	2.95178e-005
2.464000	2.91697e-005
2.466000	2.8823e-005
2.468000	2.84781e-005
2.470000	2.81353e-005
2.472000	2.77948e-005
2.474000	2.74571e-005
2.476000	2.71223e-005
2.478000	2.67908e-005
2.480000	2.64629e-005
2.482000	2.61388e-005
2.484000	2.58188e-005
2.486000	2.55032e-005
2.488000	2.51922e-005
2.490000	2.48861e-005
2.492000	2.45851e-005
2.494000	2.42895e-005
2.496000	2.39995e-005
2.498000	2.37153e-005
2.500000	2.34371e-005
2.502000	2.31651e-005
2.504000	2.28995e-005
2.506000	2.26405e-005
2.508000	2.23882e-005
2.510000	2.21428e-005
2.512000	2.19045e-005
2.514000	2.16734e-005
2.516000	2.14496e-005
2.518000	2.12332e-005
2.520000	2.10244e-005
2.522000	2.08232e-005
2.524000	2.06297e-005
2.526000	2.0444e-005
2.528000	2.02663e-005
2.530000	2.00964e-005
2.532000	1.99345e-005
2.534000	1.97806e-005
2.536000	1.96347e-005
2.538000	1.94968e-005
2.540000	1.9367e-005
2.542000	1.92452e-005
2.544000	1.91314e-005
2.546000	1.90256e-005
2.548000	1.89277e-005
2.550000	1.88377e-005
2.552000	1.87555e-005
2.554000	1.8681e-005
2.556000	1.86142e-005
2.558000	1.8555e-005
2.560000	1.85033e-005
2.562000	1.84589e-005
2.564000	1.84218e-005
2.566000	1.83918e-005
2.568000	1.83689e-005
2.570000	1.83527e-005
2.572000	1.83433e-005
2.574000	1.83404e-005
2.576000	1.8344e-005
2.578000	1.83537e-005
2.580000	1.83695e-005
2.582000	1.83911e-005
2.584000	1.84184e-005
2.586000	1.84511e-005
2.588000	1.84891e-005
2.590000	1.85322e-005
2.592000	1.85801e-005
2.594000	1.86327e-005
2.596000	1.86896e-005
2.598000	1.87507e-005
2.600000	1.88158e-005
2.602000	1.88846e-005
2.604000	1.89569e-005
2.606000	1.90325e-005
2.608000	1.91111e-005
2.610000	1.91924e-005
2.612000	1.92763e-005
2.614000	1.93624e-005
2.616000	1.94506e-005
2.618000	1.95406e-005
2.620000	1.96322e-005
2.622000	1.9725e-005
2.624000	1.98189e-005
2.626000	1.99137e-005
2.628000	2.0009e-005
2.630000	2.01046e-005
2.632000	2.02004e-005
2.634000	2.0296e-005
2.636000	2.03912e-005
2.638000	2.04858e-005
2.640000	2.05796e-005
2.642000	2.06723e-005
2.644000	2.07638e-005
2.646000	2.08537e-005
2.648000	2.09419e-005
2.650000	2.10282e-005
2.652000	2.11124e-005
2.654000	2.11942e-005
2.656000	2.12735e-005
2.658000	2.13501e-005
2.660000	2.14238e-005
2.662000	2.14944e-005
2.664000	2.15617e-005
2.666000	2.16257e-005
2.668000	2.1686e-005
2.670000	2.17426e-005
2.672000	2.17954e-005
2.674000	2.18441e-005
2.676000	2.18887e-005
2.678000	2.1929e-005
2.680000	2.19648e-005
2.682000	2.19962e-005
2.684000	2.2023e-005
2.686000	2.20451e-005
2.688000	2.20623e-005
2.690000	2.20747e-005
2.692000	2.20821e-005
2.694000	2.20845e-005
2.696000	2.20818e-005
2.698000	2.2074e-005
2.700000	2.2061e-005
2.702000	2.20429e-005
2.704000	2.20194e-005
2.706000	2.19907e-005
2.708000	2.19568e-005
2.710000	2.19176e-005
2.712000	2.18731e-005
2.714000	2.18233e-005
2.716000	2.17683e-005
2.718000	2.17081e-005
2.720000	2.16428e-005
2.722000	2.15722e-005
2.724000	2.14966e-005
2.726000	2.1416e-005
2.728000	2.13303e-005
2.730000	2.12398e-005
2.732000	2.11444e-005
2.734000	2.10443e-005
2.736000	2.09395e-005
2.738000	2.08302e-005
2.740000	2.07163e-005
2.742000	2.05981e-005
2.744000	2.04757e-005
2.746000	2.03491e-005
2.748000	2.02184e-005
2.750000	2.00839e-005
2.752000	1.99456e-005
2.754000	1.98037e-005
2.756000	1.96584e-005
2.758000	1.95096e-005
2.760000	1.93577e-005
2.762000	1.92027e-005
2.764000	1.90449e-005
2.766000	1.88843e-005
2.768000	1.87211e-005
2.770000	1.85555e-005
2.772000	1.83877e-005
2.774000	1.82178e-005
2.776000	1.80461e-005
2.778000	1.78725e-005
2.780000	1.76975e-005
2.782000	1.7521e-005
2.784000	1.73434e-005
2.786000	1.71647e-005
2.788000	1.69852e-005
2.790000	1.6805e-005
2.792000	1.66243e-005
2.794000	1.64432e-005
2.796000	1.62621e-005
2.798000	1.60809e-005
2.800000	1.59e-005
2.802000	1.57195e-005
2.804000	1.55395e-005
2.806000	1.53602e-005
2.808000	1.51818e-005
2.810000	1.50045e-005
2.812000	1.48284e-005
2.814000	1.46537e-005
2.816000	1.44805e-005
2.818000	1.43091e-005
2.820000	1.41394e-005
2.822000	1.39718e-005
2.824000	1.38064e-005
2.826000	1.36432e-005
2.828000	1.34825e-005
2.830000	1.33243e-005
2.832000	1.31688e-005
2.834000	1.30162e-005
2.836000	1.28665e-005
2.838000	1.27198e-005
2.840000	1.25763e-005
2.842000	1.24362e-005
2.844000	1.22994e-005
2.846000	1.2166e-005
2.848000	1.20363e-005
2.850000	1.19102e-005
2.852000	1.17879e-005
2.854000	1.16694e-005
2.856000	1.15548e-005
2.858000	1.14441e-005
2.860000	1.13375e-005
2.862000	1.1235e-005
2.864000	1.11365e-005
2.866000	1.10423e-005
2.868000	1.09522e-005
2.870000	1.08664e-005
2.872000	1.07849e-005
2.874000	1.07076e-005
2.876000	1.06347e-005
2.878000	1.0566e-005
2.880000	1.05017e-005
2.882000	1.04417e-005
2.884000	1.0386e-005
2.886000	1.03346e-005
2.888000	1.02874e-005
2.890000	1.02445e-005
2.892000	1.02058e-005
2.894000	1.01713e-005
2.896000	1.0141e-005
2.898000	1.01147e-005
2.900000	1.00926e-005
2.902000	1.00743e-005
2.904000	1.00601e-005
2.906000	1.00497e-005
2.908000	1.00431e-005
2.910000	1.00402e-005
2.912000	1.0041e-005
2.914000	1.00454e-005
2.916000	1.00532e-005
2.918000	1.00644e-005
2.920000	1.0079e-005
2.922000	1.00967e-005
2.924000	1.01175e-005
2.926000	1.01414e-005
2.928000	1.01681e-005
2.930000	1.01976e-005
2.932000	1.02298e-005
2.934000	1.02645e-005
2.936000	1.03017e-005
2.938000	1.03411e-005
2.940000	1.03828e-005
2.942000	1.04265e-005
2.944000	1.04722e-005
2.946000	1.05197e-005
2.948000	1.05689e-005
2.950000	1.06196e-005
2.952000	1.06717e-005
2.954000	1.07252e-005
2.956000	1.07798e-005
2.958000	1.08354e-005
2.960000	1.08919e-005
2.962000	1.09492e-005
2.964000	1.10071e-005
2.966000	1.10655e-005
2.968000	1.11242e-005
2.970000	1.11832e-005
2.972000	1.12423e-005
2.974000	1.13013e-005
2.976000	1.13602e-005
2.978000	1.14187e-005
2.980000	1.14769e-005
2.982000	1.15345e-005
2.984000	1.15914e-005
2.986000	1.16476e-005
2.988000	1.17028e-005
2.990000	1.1757e-005
2.992000	1.18101e-005
2.994000	1.18619e-005
2.996000	1.19124e-005
2.998000	1.19614e-005
3.000000	1.20088e-005
3.002000	1.20545e-005
3.004000	1.20985e-005
3.006000	1.21406e-005
3.008000	1.21807e-005
3.010000	1.22188e-005
3.012000	1.22548e-005
3.014000	1.22885e-005
3.016000	1.232e-005
3.018000	1.23491e-005
3.020000	1.23758e-005
3.022000	1.24e-005
3.024000	1.24216e-005
3.026000	1.24406e-005
3.028000	1.24569e-005
3.030000	1.24705e-005
3.032000	1.24814e-005
3.034000	1.24894e-005
3.036000	1.24946e-005
3.038000	1.24969e-005
3.040000	1.24964e-005
3.042000	1.24929e-005
3.044000	1.24864e-005
3.046000	1.2477e-005
3.048000	1.24647e-005
3.050000	1.24493e-005
3.052000	1.2431e-005
3.054000	1.24096e-005
3.056000	1.23854e-005
3.058000	1.23581e-005
3.060000	1.23279e-005
3.062000	1.22948e-005
3.064000	1.22587e-005
3.066000	1.22198e-005
3.068000	1.2178e-005
3.070000	1.21334e-005
3.072000	1.2086e-005
3.074000	1.20359e-005
3.076000	1.1983e-005
3.078000	1.19276e-005
3.080000	1.18695e-005
3.082000	1.18089e-005
3.084000	1.17458e-005
3.086000	1.16802e-005
3.088000	1.16124e-005
3.090000	1.15422e-005
3.092000	1.14698e-005
3.094000	1.13952e-005
3.096000	1.13186e-005
3.098000	1.124e-005
3.100000	1.11594e-005
3.102000	1.10771e-005
3.104000	1.0993e-005
3.106000	1.09072e-005
3.108000	1.08198e-005
3.110000	1.0731e-005
3.112000	1.06407e-005
3.114000	1.05492e-005
3.116000	1.04565e-005
3.118000	1.03626e-005
3.120000	1.02678e-005
3.122000	1.0172e-005
3.124000	1.00754e-005
3.126000	9.97804e-006
3.128000	9.8801e-006
3.130000	9.78163e-006
3.132000	9.68275e-006
3.134000	9.58354e-006
3.136000	9.48411e-006
3.138000	9.38455e-006
3.140000	9.28498e-006
3.142000	9.18547e-006
3.144000	9.08614e-006
3.146000	8.98709e-006
3.148000	8.8884e-006
3.150000	8.79017e-006
3.152000	8.6925e-006
3.154000	8.59548e-006
3.156000	8.49921e-006
3.158000	8.40377e-006
3.160000	8.30925e-006
3.162000	8.21574e-006
3.164000	8.12333e-006
3.166000	8.0321e-006
3.168000	7.94212e-006
3.170000	7.85349e-006
3.172000	7.76628e-006
3.174000	7.68056e-006
3.176000	7.59641e-006
3.178000	7.51389e-006
3.180000	7.43308e-006
3.182000	7.35404e-006
3.184000	7.27683e-006
3.186000	7.20152e-006
3.188000	7.12815e-006
3.190000	7.05679e-006
3.192000	6.98748e-006
3.194000	6.92028e-006
3.196000	6.85523e-006
3.198000	6.79237e-006
3.200000	6.73174e-006
3.202000	6.67338e-006
3.204000	6.61731e-006
3.206000	6.56358e-006
3.208000	6.51221e-006
3.210000	6.46321e-006
3.212000	6.41662e-006
3.214000	6.37244e-006
3.216000	6.3307e-006
3.218000	6.2914e-006
3.220000	6.25455e-006
3.222000	6.22015e-006
3.224000	6.18821e-006
3.226000	6.15871e-006
3.228000	6.13167e-006
3.230000	6.10706e-006
3.232000	6.08489e-006
3.234000	6.06512e-006
3.236000	6.04775e-006
3.238000	6.03275e-006
3.240000	6.0201e-006
3.242000	6.00977e-006
3.244000	6.00174e-006
3.246000	5.99598e-006
3.248000	5.99243e-006
3.250000	5.99108e-006
3.252000	5.99188e-006
3.254000	5.99479e-006
3.256000	5.99975e-006
3.258000	6.00673e-006
3.260000	6.01568e-006
3.262000	6.02654e-006
3.264000	6.03925e-006
3.266000	6.05377e-006
3.268000	6.07003e-006
3.270000	6.08798e-006
3.272000	6.10755e-006
3.274000	6.12868e-006
3.276000	6.1513e-006
3.278000	6.17535e-006
3.280000	6.20076e-006
3.282000	6.22746e-006
3.284000	6.25538e-006
3.286000	6.28444e-006
3.288000	6.31459e-006
3.290000	6.34573e-006
3.292000	6.3778e-006
3.294000	6.41073e-006
3.296000	6.44443e-006
3.298000	6.47883e-006
3.300000	6.51386e-006
3.302000	6.54944e-006
3.304000	6.58549e-006
3.306000	6.62193e-006
3.308000	6.65869e-006
3.310000	6.6957e-006
3.312000	6.73287e-006
3.314000	6.77012e-006
3.316000	6.80739e-006
3.318000	6.8446e-006
3.320000	6.88167e-006
3.322000	6.91853e-006
3.324000	6.95511e-006
3.326000	6.99134e-006
3.328000	7.02713e-006
3.330000	7.06243e-006
3.332000	7.09717e-006
3.334000	7.13127e-006
3.336000	7.16468e-006
3.338000	7.19732e-006
3.340000	7.22914e-006
3.342000	7.26007e-006
3.344000	7.29005e-006
3.346000	7.31902e-006
3.348000	7.34694e-006
3.350000	7.37373e-006
3.352000	7.39936e-006
3.354000	7.42376e-006
3.356000	7.4469e-006
3.358000	7.46871e-006
3.360000	7.48917e-006
3.362000	7.50823e-006
3.364000	7.52584e-006
3.366000	7.54198e-006
3.368000	7.55659e-006
3.370000	7.56966e-006
3.372000	7.58114e-006
3.374000	7.59102e-006
3.376000	7.59926e-006
3.378000	7.60585e-006
3.380000	7.61075e-006
3.382000	7.61396e-006
3.384000	7.61545e-006
3.386000	7.61521e-006
3.388000	7.61323e-006
3.390000	7.6095e-006
3.392000	7.60401e-006
3.394000	7.59677e-006
3.396000	7.58776e-006
3.398000	7.577e-006
3.400000	7.56448e-006
3.402000	7.5502e-006
3.404000	7.53418e-006
3.406000	7.51643e-006
3.408000	7.49696e-006
3.410000	7.47579e-006
3.412000	7.45293e-006
3.414000	7.4284e-006
3.416000	7.40222e-006
3.418000	7.37443e-006
3.420000	7.34503e-006
3.422000	7.31407e-006
3.424000	7.28157e-006
3.426000	7.24756e-006
3.428000	7.21208e-006
3.430000	7.17517e-006
3.432000	7.13686e-006
3.434000	7.09718e-006
3.436000	7.05619e-006
3.438000	7.01392e-006
3.440000	6.97042e-006
3.442000	6.92574e-006
3.444000	6.87991e-006
3.446000	6.83299e-006
3.448000	6.78503e-006
3.450000	6.73608e-006
3.452000	6.68618e-006
3.454000	6.6354e-006
3.456000	6.58379e-006
3.458000	6.53139e-006
3.460000	6.47827e-006
3.462000	6.42449e-006
3.464000	6.37009e-006
3.466000	6.31513e-006
3.468000	6.25968e-006
3.470000	6.2038e-006
3.472000	6.14753e-006
3.474000	6.09094e-006
3.476000	6.03408e-006
3.478000	5.97702e-006
3.480000	5.91982e-006
3.482000	5.86253e-006
3.484000	5.80521e-006
3.486000	5.74792e-006
3.488000	5.69072e-006
3.490000	5.63367e-006
3.492000	5.57681e-006
3.494000	5.52022e-006
3.496000	5.46394e-006
3.498000	5.40804e-006
3.500000	5.35255e-006
3.502000	5.29755e-006
3.504000	5.24308e-006
3.506000	5.18919e-006
3.508000	5.13594e-006
3.510000	5.08337e-006
3.512000	5.03153e-006
3.514000	4.98047e-006
3.516000	4.93024e-006
3.518000	4.88089e-006
3.520000	4.83244e-006
3.522000	4.78496e-006
3.524000	4.73847e-006
3.526000	4.69302e-006
3.528000	4.64864e-006
3.530000	4.60538e-006
3.532000	4.56326e-006
3.534000	4.52231e-006
3.536000	4.48258e-006
3.538000	4.44408e-006
3.540000	4.40686e-006
3.542000	4.37092e-006
3.544000	4.33629e-006
3.546000	4.30301e-006
3.548000	4.27108e-006
3.550000	4.24053e-006
3.552000	4.21138e-006
3.554000	4.18363e-006
3.556000	4.1573e-006
3.558000	4.1324e-006
3.560000	4.10895e-006
3.562000	4.08694e-006
3.564000	4.06638e-006
3.566000	4.04728e-006
3.568000	4.02963e-006
3.570000	4.01345e-006
3.572000	3.99871e-006
3.574000	3.98543e-006
3.576000	3.97359e-006
3.578000	3.96319e-006
3.580000	3.95421e-006
3.582000	3.94665e-006
3.584000	3.94049e-006
3.586000	3.93571e-006
3.588000	3.93231e-006
3.590000	3.93025e-006
3.592000	3.92953e-006
3.594000	3.93011e-006
3.596000	3.93199e-006
3.598000	3.93512e-006
3.600000	3.93949e-006
3.602000	3.94507e-006
3.604000	3.95182e-006
3.606000	3.95973e-006
3.608000	3.96875e-006
3.610000	3.97885e-006
3.612000	3.99001e-006
3.614000	4.00218e-006
3.616000	4.01532e-006
3.618000	4.02941e-006
3.620000	4.0444e-006
3.622000	4.06025e-006
3.624000	4.07693e-006
3.626000	4.09439e-006
3.628000	4.11258e-006
3.630000	4.13148e-006
3.632000	4.15103e-006
3.634000	4.17119e-006
3.636000	4.19192e-006
3.638000	4.21317e-006
3.640000	4.2349e-006
3.642000	4.25706e-006
3.644000	4.2796e-006
3.646000	4.30249e-006
3.648000	4.32567e-006
3.650000	4.3491e-006
3.652000	4.37274e-006
3.654000	4.39653e-006
3.656000	4.42043e-006
3.658000	4.4444e-006
3.660000	4.46838e-006
3.662000	4.49234e-006
3.664000	4.51623e-006
3.666000	4.54001e-006
3.668000	4.56363e-006
3.670000	4.58704e-006
3.672000	4.61021e-006
3.674000	4.63309e-006
3.676000	4.65564e-006
3.678000	4.67782e-006
3.680000	4.69959e-006
3.682000	4.72092e-006
3.684000	4.74175e-006
3.686000	4.76206e-006
3.688000	4.7818e-006
3.690000	4.80095e-006
3.692000	4.81946e-006
3.694000	4.83731e-006
3.696000	4.85445e-006
3.698000	4.87087e-006
3.700000	4.88653e-006
3.702000	4.9014e-006
3.704000	4.91545e-006
3.706000	4.92866e-006
3.708000	4.941e-006
3.710000	4.95245e-006
3.712000	4.96299e-006
3.714000	4.97259e-006
3.716000	4.98124e-006
3.718000	4.98892e-006
3.720000	4.9956e-006
3.722000	5.00129e-006
3.724000	5.00595e-006
3.726000	5.00959e-006
3.728000	5.01218e-006
3.730000	5.01372e-006
3.732000	5.01421e-006
3.734000	5.01363e-006
3.736000	5.01198e-006
3.738000	5.00925e-006
3.740000	5.00545e-006
3.742000	5.00058e-006
3.744000	4.99463e-006
3.746000	4.98761e-006
3.748000	4.97953e-006
3.750000	4.97038e-006
3.752000	4.96017e-006
3.754000	4.94892e-006
3.756000	4.93663e-006
3.758000	4.92331e-006
3.760000	4.90897e-006
3.762000	4.89364e-006
3.764000	4.87732e-006
3.766000	4.86003e-006
3.768000	4.84178e-006
3.770000	4.8226e-006
3.772000	4.80251e-006
3.774000	4.78152e-006
3.776000	4.75966e-006
3.778000	4.73695e-006
3.780000	4.71342e-006
3.782000	4.68908e-006
3.784000	4.66398e-006
3.786000	4.63812e-006
3.788000	4.61155e-006
3.790000	4.58429e-006
3.792000	4.55636e-006
3.794000	4.52781e-006
3.796000	4.49865e-006
3.798000	4.46893e-006
3.800000	4.43867e-006
3.802000	4.40791e-006
3.804000	4.37668e-006
3.806000	4.34501e-006
3.808000	4.31294e-006
3.810000	4.2805e-006
3.812000	4.24772e-006
3.814000	4.21465e-006
3.816000	4.18132e-006
3.818000	4.14776e-006
3.820000	4.11401e-006
3.822000	4.08011e-006
3.824000	4.04608e-006
3.826000	4.01197e-006
3.828000	3.97782e-006
3.830000	3.94365e-006
3.832000	3.9095e-006
3.834000	3.87542e-006
3.836000	3.84142e-006
3.838000	3.80756e-006
3.840000	3.77386e-006
3.842000	3.74035e-006
3.844000	3.70708e-006
3.846000	3.67407e-006
3.848000	3.64135e-006
3.850000	3.60897e-006
3.852000	3.57695e-006
3.854000	3.54531e-006
3.856000	3.5141e-006
3.858000	3.48334e-006
3.860000	3.45307e-006
3.862000	3.4233e-006
3.864000	3.39406e-006
3.866000	3.36539e-006
3.868000	3.33731e-006
3.870000	3.30984e-006
3.872000	3.28301e-006
3.874000	3.25683e-006
3.876000	3.23134e-006
3.878000	3.20655e-006
3.880000	3.18249e-006
3.882000	3.15917e-006
3.884000	3.1366e-006
3.886000	3.11481e-006
3.888000	3.09382e-006
3.890000	3.07363e-006
3.892000	3.05426e-006
3.894000	3.03573e-006
3.896000	3.01803e-006
3.898000	3.0012e-006
3.900000	2.98522e-006
3.902000	2.97012e-006
3.904000	2.95589e-006
3.906000	2.94255e-006
3.908000	2.93009e-006
3.910000	2.91852e-006
3.912000	2.90785e-006
3.914000	2.89807e-006
3.916000	2.88918e-006
3.918000	2.88119e-006
3.920000	2.87408e-006
3.922000	2.86785e-006
3.924000	2.86251e-006
3.926000	2.85804e-006
3.928000	2.85444e-006
3.930000	2.85169e-006
3.932000	2.8498e-006
3.934000	2.84875e-006
3.936000	2.84852e-006
3.938000	2.84911e-006
3.940000	2.8505e-006
3.942000	2.85268e-006
3.944000	2.85563e-006
3.946000	2.85934e-006
3.948000	2.86379e-006
3.950000	2.86896e-006
3.952000	2.87483e-006
3.954000	2.88139e-006
3.956000	2.88861e-006
3.958000	2.89648e-006
3.960000	2.90497e-006
3.962000	2.91405e-006
3.964000	2.92371e-006
3.966000	2.93393e-006
3.968000	2.94467e-006
3.970000	2.95591e-006
3.972000	2.96764e-006
3.974000	2.97981e-006
3.976000	2.99242e-006
3.978000	3.00542e-006
3.980000	3.01879e-006
3.982000	3.03252e-006
3.984000	3.04656e-006
3.986000	3.06089e-006
3.988000	3.07548e-006
3.990000	3.09031e-006
3.992000	3.10534e-006
3.994000	3.12056e-006
3.996000	3.13592e-006
3.998000	3.1514e-006
4.000000	3.16698e-006
4.002000	3.18262e-006
4.004000	3.1983e-006
4.006000	3.21399e-006
4.008000	3.22965e-006
4.010000	3.24527e-006
4.012000	3.26082e-006
4.014000	3.27626e-006
4.016000	3.29157e-006
4.018000	3.30673e-006
4.020000	3.32171e-006
4.022000	3.33648e-006
4.024000	3.35101e-006
4.026000	3.36529e-006
4.028000	3.37929e-006
4.030000	3.39298e-006
4.032000	3.40634e-006
4.034000	3.41935e-006
4.036000	3.43198e-006
4.038000	3.44422e-006
4.040000	3.45604e-006
4.042000	3.46742e-006
4.044000	3.47835e-006
4.046000	3.48881e-006
4.048000	3.49877e-006
4.050000	3.50822e-006
4.052000	3.51714e-006
4.054000	3.52552e-006
4.056000	3.53335e-006
4.058000	3.5406e-006
4.060000	3.54727e-006
4.062000	3.55334e-006
4.064000	3.55881e-006
4.066000	3.56366e-006
4.068000	3.56788e-006
4.070000	3.57146e-006
4.072000	3.5744e-006
4.074000	3.57669e-006
4.076000	3.57832e-006
4.078000	3.57929e-006
4.080000	3.57959e-006
4.082000	3.57923e-006
4.084000	3.57819e-006
4.086000	3.57648e-006
4.088000	3.57409e-006
4.090000	3.57104e-006
4.092000	3.56731e-006
4.094000	3.56291e-006
4.096000	3.55784e-006
4.098000	3.55212e-006
4.100000	3.54573e-006
4.102000	3.5387e-006
4.104000	3.53102e-006
4.106000	3.5227e-006
4.108000	3.51375e-006
4.110000	3.50419e-006
4.112000	3.49401e-006
4.114000	3.48323e-006
4.116000	3.47187e-006
4.118000	3.45993e-006
4.120000	3.44742e-006
4.122000	3.43437e-006
4.124000	3.42078e-006
4.126000	3.40667e-006
4.128000	3.39206e-006
4.130000	3.37695e-006
4.132000	3.36138e-006
4.134000	3.34534e-006
4.136000	3.32887e-006
4.138000	3.31199e-006
4.140000	3.2947e-006
4.142000	3.27703e-006
4.144000	3.259e-006
4.146000	3.24062e-006
4.148000	3.22193e-006
4.150000	3.20293e-006
4.152000	3.18366e-006
4.154000	3.16412e-006
4.156000	3.14435e-006
4.158000	3.12436e-006
4.160000	3.10419e-006
4.162000	3.08383e-006
4.164000	3.06333e-006
4.166000	3.04271e-006
4.168000	3.02198e-006
4.170000	3.00116e-006
4.172000	2.98029e-006
4.174000	2.95938e-006
4.176000	2.93845e-006
4.178000	2.91754e-006
4.180000	2.89665e-006
4.182000	2.87581e-006
4.184000	2.85505e-006
4.186000	2.83438e-006
4.188000	2.81382e-006
4.190000	2.79341e-006
4.192000	2.77315e-006
4.194000	2.75307e-006
4.196000	2.7332e-006
4.198000	2.71354e-006
4.200000	2.69412e-006
4.202000	2.67495e-006
4.204000	2.65607e-006
4.206000	2.63748e-006
4.208000	2.6192e-006
4.210000	2.60125e-006
4.212000	2.58365e-006
4.214000	2.56641e-006
4.216000	2.54956e-006
4.218000	2.53309e-006
4.220000	2.51704e-006
4.222000	2.5014e-006
4.224000	2.48621e-006
4.226000	2.47146e-006
4.228000	2.45717e-006
4.230000	2.44336e-006
4.232000	2.43003e-006
4.234000	2.41719e-006
4.236000	2.40486e-006
4.238000	2.39304e-006
4.240000	2.38173e-006
4.242000	2.37096e-006
4.244000	2.36072e-006
4.246000	2.35102e-006
4.248000	2.34186e-006
4.250000	2.33325e-006
4.252000	2.3252e-006
4.254000	2.3177e-006
4.256000	2.31076e-006
4.258000	2.30438e-006
4.260000	2.29856e-006
4.262000	2.2933e-006
4.264000	2.2886e-006
4.266000	2.28446e-006
4.268000	2.28088e-006
4.270000	2.27785e-006
4.272000	2.27537e-006
4.274000	2.27344e-006
4.276000	2.27205e-006
4.278000	2.2712e-006
4.280000	2.27087e-006
4.282000	2.27107e-006
4.284000	2.27178e-006
4.286000	2.273e-006
4.288000	2.27472e-006
4.290000	2.27693e-006
4.292000	2.27962e-006
4.294000	2.28278e-006
4.296000	2.2864e-006
4.298000	2.29046e-006
4.300000	2.29496e-006
4.302000	2.29988e-006
4.304000	2.30521e-006
4.306000	2.31093e-006
4.308000	2.31704e-006
4.310000	2.32351e-006
4.312000	2.33034e-006
4.314000	2.33751e-006
4.316000	2.34499e-006
4.318000	2.35279e-006
4.320000	2.36087e-006
4.322000	2.36923e-006
4.324000	2.37785e-006
4.326000	2.38671e-006
4.328000	2.39579e-006
4.330000	2.40508e-006
4.332000	2.41456e-006
4.334000	2.42421e-006
4.336000	2.43401e-006
4.338000	2.44395e-006
4.340000	2.45401e-006
4.342000	2.46417e-006
4.344000	2.47441e-006
4.346000	2.48471e-006
4.348000	2.49507e-006
4.350000	2.50545e-006
4.352000	2.51584e-006
4.354000	2.52622e-006
4.356000	2.53659e-006
4.358000	2.54691e-006
4.360000	2.55717e-006
4.362000	2.56735e-006
4.364000	2.57744e-006
4.366000	2.58742e-006
4.368000	2.59728e-006
4.370000	2.60699e-006
4.372000	2.61655e-006
4.374000	2.62593e-006
4.376000	2.63512e-006
4.378000	2.64411e-006
4.380000	2.65288e-006
4.382000	2.66142e-006
4.384000	2.66971e-006
4.386000	2.67774e-006
4.388000	2.6855e-006
4.390000	2.69297e-006
4.392000	2.70014e-006
4.394000	2.707e-006
4.396000	2.71355e-006
4.398000	2.71976e-006
4.400000	2.72563e-006
4.402000	2.73115e-006
4.404000	2.73631e-006
4.406000	2.7411e-006
4.408000	2.74552e-006
4.410000	2.74955e-006
4.412000	2.75319e-006
4.414000	2.75643e-006
4.416000	2.75927e-006
4.418000	2.7617e-006
4.420000	2.76371e-006
4.422000	2.76531e-006
4.424000	2.76649e-006
4.426000	2.76724e-006
4.428000	2.76757e-006
4.430000	2.76747e-006
4.432000	2.76694e-006
4.434000	2.76598e-006
4.436000	2.76459e-006
4.438000	2.76277e-006
4.440000	2.76052e-006
4.442000	2.75784e-006
4.444000	2.75474e-006
4.446000	2.75122e-006
4.448000	2.74728e-006
4.450000	2.74293e-006
4.452000	2.73816e-006
4.454000	2.73299e-006
4.456000	2.72743e-006
4.458000	2.72146e-006
4.460000	2.71511e-006
4.462000	2.70838e-006
4.464000	2.70128e-006
4.466000	2.69381e-006
4.468000	2.68599e-006
4.470000	2.67782e-006
4.472000	2.66931e-006
4.474000	2.66047e-006
4.476000	2.65131e-006
4.478000	2.64184e-006
4.480000	2.63208e-006
4.482000	2.62203e-006
4.484000	2.6117e-006
4.486000	2.60111e-006
4.488000	2.59027e-006
4.490000	2.57918e-006
4.492000	2.56788e-006
4.494000	2.55635e-006
4.496000	2.54463e-006
4.498000	2.53272e-006
4.500000	2.52063e-006
4.502000	2.50839e-006
4.504000	2.49599e-006
4.506000	2.48347e-006
4.508000	2.47082e-006
4.510000	2.45807e-006
4.512000	2.44523e-006
4.514000	2.43231e-006
4.516000	2.41933e-006
4.518000	2.40631e-006
4.520000	2.39325e-006
4.522000	2.38016e-006
4.524000	2.36708e-006
4.526000	2.354e-006
4.528000	2.34095e-006
4.530000	2.32793e-006
4.532000	2.31496e-006
4.534000	2.30206e-006
4.536000	2.28924e-006
4.538000	2.27651e-006
4.540000	2.26388e-006
4.542000	2.25138e-006
4.544000	2.239e-006
4.546000	2.22677e-006
4.548000	2.21469e-006
4.550000	2.20278e-006
4.552000	2.19106e-006
4.554000	2.17952e-006
4.556000	2.16819e-006
4.558000	2.15707e-006
4.560000	2.14617e-006
4.562000	2.13552e-006
4.564000	2.1251e-006
4.566000	2.11494e-006
4.568000	2.10505e-006
4.570000	2.09542e-006
4.572000	2.08608e-006
4.574000	2.07703e-006
4.576000	2.06827e-006
4.578000	2.05982e-006
4.580000	2.05168e-006
4.582000	2.04386e-006
4.584000	2.03636e-006
4.586000	2.02919e-006
4.588000	2.02235e-006
4.590000	2.01585e-006
4.592000	2.00969e-006
4.594000	2.00388e-006
4.596000	1.99842e-006
4.598000	1.99331e-006
4.600000	1.98856e-006
4.602000	1.98416e-006
4.604000	1.98012e-006
4.606000	1.97643e-006
4.608000	1.97311e-006
4.610000	1.97014e-006
4.612000	1.96754e-006
4.614000	1.96529e-006
4.616000	1.96339e-006
4.618000	1.96185e-006
4.620000	1.96066e-006
4.622000	1.95982e-006
4.624000	1.95933e-006
4.626000	1.95917e-006
4.628000	1.95936e-006
4.630000	1.95988e-006
4.632000	1.96073e-006
4.634000	1.9619e-006
4.636000	1.96339e-006
4.638000	1.96519e-006
4.640000	1.96729e-006
4.642000	1.9697e-006
4.644000	1.97239e-006
4.646000	1.97537e-006
4.648000	1.97863e-006
4.650000	1.98215e-006
4.652000	1.98593e-006
4.654000	1.98997e-006
4.656000	1.99425e-006
4.658000	1.99876e-006
4.660000	2.00349e-006
4.662000	2.00844e-006
4.664000	2.01359e-006
4.666000	2.01893e-006
4.668000	2.02446e-006
4.670000	2.03016e-006
4.672000	2.03602e-006
4.674000	2.04204e-006
4.676000	2.04819e-006
4.678000	2.05447e-006
4.680000	2.06087e-006
4.682000	2.06738e-006
4.684000	2.07399e-006
4.686000	2.08067e-006
4.688000	2.08743e-006
4.690000	2.09425e-006
4.692000	2.10112e-006
4.694000	2.10803e-006
4.696000	2.11497e-006
4.698000	2.12192e-006
4.700000	2.12887e-006
4.702000	2.13582e-006
4.704000	2.14274e-006
4.706000	2.14964e-006
4.708000	2.15649e-006
4.710000	2.1633e-006
4.712000	2.17004e-006
4.714000	2.1767e-006
4.716000	2.18328e-006
4.718000	2.18977e-006
4.720000	2.19615e-006
4.722000	2.20242e-006
4.724000	2.20856e-006
4.726000	2.21456e-006
4.728000	2.22043e-006
4.730000	2.22614e-006
4.732000	2.23168e-006
4.734000	2.23706e-006
4.736000	2.24226e-006
4.738000	2.24727e-006
4.740000	2.25209e-006
4.742000	2.25671e-006
4.744000	2.26111e-006
4.746000	2.2653e-006
4.748000	2.26927e-006
4.750000	2.27301e-006
4.752000	2.27652e-006
4.754000	2.27978e-006
4.756000	2.28281e-006
4.758000	2.28558e-006
4.760000	2.28809e-006
4.762000	2.29035e-006
4.764000	2.29235e-006
4.766000	2.29408e-006
4.768000	2.29554e-006
4.770000	2.29673e-006
4.772000	2.29765e-006
4.774000	2.29829e-006
4.776000	2.29866e-006
4.778000	2.29875e-006
4.780000	2.29856e-006
4.782000	2.29809e-006
4.784000	2.29734e-006
4.786000	2.29632e-006
4.788000	2.29502e-006
4.790000	2.29344e-006
4.792000	2.29158e-006
4.794000	2.28946e-006
4.796000	2.28706e-006
4.798000	2.28439e-006
4.800000	2.28146e-006
4.802000	2.27826e-006
4.804000	2.27481e-006
4.806000	2.2711e-006
4.808000	2.26714e-006
4.810000	2.26294e-006
4.812000	2.25849e-006
4.814000	2.25381e-006
4.816000	2.24889e-006
4.818000	2.24375e-006
4.820000	2.23839e-006
4.822000	2.23282e-006
4.824000	2.22705e-006
4.826000	2.22107e-006
4.828000	2.2149e-006
4.830000	2.20854e-006
4.832000	2.20201e-006
4.834000	2.19531e-006
4.836000	2.18844e-006
4.838000	2.18142e-006
4.840000	2.17425e-006
4.842000	2.16694e-006
4.844000	2.1595e-006
4.846000	2.15194e-006
4.848000	2.14427e-006
4.850000	2.1365e-006
4.852000	2.12863e-006
4.854000	2.12067e-006
4.856000	2.11264e-006
4.858000	2.10454e-006
4.860000	2.09638e-006
4.862000	2.08817e-006
4.864000	2.07992e-006
4.866000	2.07164e-006
4.868000	2.06333e-006
4.870000	2.05502e-006
4.872000	2.0467e-006
4.874000	2.03839e-006
4.876000	2.03009e-006
4.878000	2.02182e-006
4.880000	2.01358e-006
4.882000	2.00538e-006
4.884000	1.99723e-006
4.886000	1.98915e-006
4.888000	1.98113e-006
4.890000	1.97319e-006
4.892000	1.96533e-006
4.894000	1.95756e-006
4.896000	1.9499e-006
4.898000	1.94235e-006
4.900000	1.93491e-006
4.902000	1.9276e-006
4.904000	1.92042e-006
4.906000	1.91337e-006
4.908000	1.90648e-006
4.910000	1.89973e-006
4.912000	1.89315e-006
4.914000	1.88673e-006
4.916000	1.88048e-006
4.918000	1.87441e-006
4.920000	1.86851e-006
4.922000	1.86281e-006
4.924000	1.8573e-006
4.926000	1.85199e-006
4.928000	1.84688e-006
4.930000	1.84197e-006
4.932000	1.83728e-006
4.934000	1.83279e-006
4.936000	1.82853e-006
4.938000	1.82448e-006
4.940000	1.82066e-006
4.942000	1.81706e-006
4.944000	1.81368e-006
4.946000	1.81054e-006
4.948000	1.80762e-006
4.950000	1.80494e-006
4.952000	1.80248e-006
4.954000	1.80026e-006
4.956000	1.79828e-006
4.958000	1.79652e-006
4.960000	1.795e-006
4.962000	1.79371e-006
4.964000	1.79265e-006
4.966000	1.79182e-006
4.968000	1.79122e-006
4.970000	1.79084e-006
4.972000	1.79069e-006
4.974000	1.79076e-006
4.976000	1.79106e-006
4.978000	1.79156e-006
4.980000	1.79228e-006
4.982000	1.79321e-006
4.984000	1.79435e-006
4.986000	1.79569e-006
4.988000	1.79723e-006
4.990000	1.79896e-006
4.992000	1.80088e-006
4.994000	1.80299e-006
4.996000	1.80527e-006
4.998000	1.80773e-006
5.000000	1.81036e-006
5.002000	1.81315e-006
5.004000	1.8161e-006
5.006000	1.8192e-006
5.008000	1.82244e-006
5.010000	1.82583e-006
5.012000	1.82934e-006
5.014000	1.83299e-006
5.016000	1.83675e-006
5.018000	1.84062e-006
5.020000	1.8446e-006
5.022000	1.84868e-006
5.024000	1.85284e-006
5.026000	1.8571e-006
5.028000	1.86143e-006
5.030000	1.86582e-006
5.032000	1.87028e-006
5.034000	1.8748e-006
5.036000	1.87936e-006
5.038000	1.88396e-006
5.040000	1.8886e-006
5.042000	1.89325e-006
5.044000	1.89793e-006
5.046000	1.90261e-006
5.048000	1.9073e-006
5.050000	1.91198e-006
5.052000	1.91665e-006
5.054000	1.9213e-006
5.056000	1.92593e-006
5.058000	1.93051e-006
5.060000	1.93506e-006
5.062000	1.93956e-006
5.064000	1.944e-006
5.066000	1.94838e-006
5.068000	1.9527e-006
5.070000	1.95693e-006
5.072000	1.96109e-006
5.074000	1.96516e-006
5.076000	1.96913e-006
5.078000	1.973e-006
5.080000	1.97677e-006
5.082000	1.98043e-006
5.084000	1.98397e-006
5.086000	1.98739e-006
5.088000	1.99068e-006
5.090000	1.99384e-006
5.092000	1.99686e-006
5.094000	1.99974e-006
5.096000	2.00248e-006
5.098000	2.00506e-006
5.100000	2.0075e-006
5.102000	2.00977e-006
5.104000	2.01189e-006
5.106000	2.01384e-006
5.108000	2.01563e-006
5.110000	2.01724e-006
5.112000	2.01869e-006
5.114000	2.01996e-006
5.116000	2.02105e-006
5.118000	2.02197e-006
5.120000	2.02271e-006
5.122000	2.02327e-006
5.124000	2.02365e-006
5.126000	2.02384e-006
5.128000	2.02386e-006
5.130000	2.02369e-006
5.132000	2.02333e-006
5.134000	2.0228e-006
5.136000	2.02208e-006
5.138000	2.02118e-006
5.140000	2.0201e-006
5.142000	2.01884e-006
5.144000	2.01741e-006
5.146000	2.01579e-006
5.148000	2.01401e-006
5.150000	2.01205e-006
5.152000	2.00992e-006
5.154000	2.00762e-006
5.156000	2.00516e-006
5.158000	2.00253e-006
5.160000	1.99975e-006
5.162000	1.99681e-006
5.164000	1.99372e-006
5.166000	1.99048e-006
5.168000	1.9871e-006
5.170000	1.98357e-006
5.172000	1.97991e-006
5.174000	1.97612e-006
5.176000	1.9722e-006
5.178000	1.96816e-006
5.180000	1.964e-006
5.182000	1.95973e-006
5.184000	1.95535e-006
5.186000	1.95086e-006
5.188000	1.94628e-006
5.190000	1.94161e-006
5.192000	1.93685e-006
5.194000	1.93201e-006
5.196000	1.9271e-006
5.198000	1.92211e-006
5.200000	1.91706e-006
5.202000	1.91196e-006
5.204000	1.9068e-006
5.206000	1.9016e-006
5.208000	1.89635e-006
5.210000	1.89108e-006
5.212000	1.88577e-006
5.214000	1.88045e-006
5.216000	1.8751e-006
5.218000	1.86975e-006
5.220000	1.8644e-006
5.222000	1.85905e-006
5.224000	1.8537e-006
5.226000	1.84837e-006
5.228000	1.84306e-006
5.230000	1.83778e-006
5.232000	1.83253e-006
5.234000	1.82731e-006
5.236000	1.82214e-006
5.238000	1.81702e-006
5.240000	1.81195e-006
5.242000	1.80695e-006
5.244000	1.80201e-006
5.246000	1.79713e-006
5.248000	1.79234e-006
5.250000	1.78762e-006
5.252000	1.78299e-006
5.254000	1.77845e-006
5.256000	1.774e-006
5.258000	1.76966e-006
5.260000	1.76541e-006
5.262000	1.76127e-006
5.264000	1.75725e-006
5.266000	1.75334e-006
5.268000	1.74954e-006
5.270000	1.74587e-006
5.272000	1.74233e-006
5.274000	1.73891e-006
5.276000	1.73563e-006
5.278000	1.73248e-006
5.280000	1.72946e-006
5.282000	1.72659e-006
5.284000	1.72385e-006
5.286000	1.72127e-006
5.288000	1.71882e-006
5.290000	1.71652e-006
5.292000	1.71437e-006
5.294000	1.71237e-006
5.296000	1.71052e-006
5.298000	1.70883e-006
5.300000	1.70728e-006
5.302000	1.70589e-006
5.304000	1.70465e-006
5.306000	1.70356e-006
5.308000	1.70262e-006
5.310000	1.70184e-006
5.312000	1.70121e-006
5.314000	1.70073e-006
5.316000	1.7004e-006
5.318000	1.70021e-006
5.320000	1.70018e-006
5.322000	1.70029e-006
5.324000	1.70055e-006
5.326000	1.70094e-006
5.328000	1.70148e-006
5.330000	1.70216e-006
5.332000	1.70297e-006
5.334000	1.70392e-006
5.336000	1.705e-006
5.338000	1.70621e-006
5.340000	1.70754e-006
5.342000	1.70899e-006
5.344000	1.71056e-006
5.346000	1.71225e-006
5.348000	1.71404e-006
5.350000	1.71595e-006
5.352000	1.71796e-006
5.354000	1.72007e-006
5.356000	1.72228e-006
5.358000	1.72458e-006
5.360000	1.72696e-006
5.362000	1.72943e-006
5.364000	1.73198e-006
5.366000	1.73461e-006
5.368000	1.7373e-006
5.370000	1.74007e-006
5.372000	1.74289e-006
5.374000	1.74577e-006
5.376000	1.7487e-006
5.378000	1.75167e-006
5.380000	1.75469e-006
5.382000	1.75774e-006
5.384000	1.76083e-006
5.386000	1.76395e-006
5.388000	1.76708e-006
5.390000	1.77024e-006
5.392000	1.7734e-006
5.394000	1.77658e-006
5.396000	1.77975e-006
5.398000	1.78293e-006
5.400000	1.78609e-006
5.402000	1.78925e-006
5.404000	1.79239e-006
5.406000	1.7955e-006
5.408000	1.79859e-006
5.410000	1.80165e-006
5.412000	1.80468e-006
5.414000	1.80766e-006
5.416000	1.8106e-006
5.418000	1.81349e-006
5.420000	1.81633e-006
5.422000	1.81911e-006
5.424000	1.82183e-006
5.426000	1.82449e-006
5.428000	1.82707e-006
5.430000	1.82959e-006
5.432000	1.83203e-006
5.434000	1.83438e-006
5.436000	1.83666e-006
5.438000	1.83885e-006
5.440000	1.84095e-006
5.442000	1.84295e-006
5.444000	1.84487e-006
5.446000	1.84668e-006
5.448000	1.84839e-006
5.450000	1.85e-006
5.452000	1.85151e-006
5.454000	1.8529e-006
5.456000	1.85419e-006
5.458000	1.85537e-006
5.460000	1.85643e-006
5.462000	1.85738e-006
5.464000	1.85821e-006
5.466000	1.85893e-006
5.468000	1.85953e-006
5.470000	1.86e-006
5.472000	1.86036e-006
5.474000	1.8606e-006
5.476000	1.86072e-006
5.478000	1.86072e-006
5.480000	1.8606e-006
5.482000	1.86035e-006
5.484000	1.85999e-006
5.486000	1.8595e-006
5.488000	1.8589e-006
5.490000	1.85817e-006
5.492000	1.85733e-006
5.494000	1.85637e-006
5.496000	1.8553e-006
5.498000	1.85411e-006
5.500000	1.85281e-006
5.502000	1.85139e-006
5.504000	1.84987e-006
5.506000	1.84824e-006
5.508000	1.8465e-006
5.510000	1.84466e-006
5.512000	1.84272e-006
5.514000	1.84068e-006
5.516000	1.83854e-006
5.518000	1.83631e-006
5.520000	1.83398e-006
5.522000	1.83157e-006
5.524000	1.82907e-006
5.526000	1.82649e-006
5.528000	1.82383e-006
5.530000	1.8211e-006
5.532000	1.81829e-006
5.534000	1.81541e-006
5.536000	1.81247e-006
5.538000	1.80947e-006
5.540000	1.8064e-006
5.542000	1.80328e-006
5.544000	1.80011e-006
5.546000	1.7969e-006
5.548000	1.79364e-006
5.550000	1.79033e-006
5.552000	1.787e-006
5.554000	1.78363e-006
5.556000	1.78023e-006
5.558000	1.77681e-006
5.560000	1.77337e-006
5.562000	1.76991e-006
5.564000	1.76644e-006
5.566000	1.76296e-006
5.568000	1.75948e-006
5.570000	1.756e-006
5.572000	1.75252e-006
5.574000	1.74905e-006
5.576000	1.7456e-006
5.578000	1.74215e-006
5.580000	1.73873e-006
5.582000	1.73533e-006
5.584000	1.73196e-006
5.586000	1.72861e-006
5.588000	1.72531e-006
5.590000	1.72204e-006
5.592000	1.71881e-006
5.594000	1.71563e-006
5.596000	1.71249e-006
5.598000	1.70941e-006
5.600000	1.70638e-006
5.602000	1.70341e-006
5.604000	1.7005e-006
5.606000	1.69765e-006
5.608000	1.69488e-006
5.610000	1.69217e-006
5.612000	1.68953e-006
5.614000	1.68697e-006
5.616000	1.68449e-006
5.618000	1.68208e-006
5.620000	1.67976e-006
5.622000	1.67752e-006
5.624000	1.67537e-006
5.626000	1.6733e-006
5.628000	1.67133e-006
5.630000	1.66945e-006
5.632000	1.66766e-006
5.634000	1.66596e-006
5.636000	1.66436e-006
5.638000	1.66286e-006
5.640000	1.66145e-006
5.642000	1.66014e-006
5.644000	1.65893e-006
5.646000	1.65782e-006
5.648000	1.65682e-006
5.650000	1.65591e-006
5.652000	1.6551e-006
5.654000	1.6544e-006
5.656000	1.65379e-006
5.658000	1.65329e-006
5.660000	1.65288e-006
5.662000	1.65258e-006
5.664000	1.65237e-006
5.666000	1.65227e-006
5.668000	1.65226e-006
5.670000	1.65235e-006
5.672000	1.65254e-006
5.674000	1.65282e-006
5.676000	1.65319e-006
5.678000	1.65366e-006
5.680000	1.65421e-006
5.682000	1.65486e-006
5.684000	1.65559e-006
5.686000	1.65641e-006
5.688000	1.65731e-006
5.690000	1.6583e-006
5.692000	1.65936e-006
5.694000	1.6605e-006
5.696000	1.66172e-006
5.698000	1.66301e-006
5.700000	1.66436e-006
5.702000	1.66579e-006
5.704000	1.66728e-006
5.706000	1.66883e-006
5.708000	1.67044e-006
5.710000	1.67211e-006
5.712000	1.67384e-006
5.714000	1.67561e-006
5.716000	1.67743e-006
5.718000	1.6793e-006
5.720000	1.6812e-006
5.722000	1.68315e-006
5.724000	1.68513e-006
5.726000	1.68715e-006
5.728000	1.68919e-006
5.730000	1.69126e-006
5.732000	1.69335e-006
5.734000	1.69546e-006
5.736000	1.69759e-006
5.738000	1.69973e-006
5.740000	1.70188e-006
5.742000	1.70403e-006
5.744000	1.70619e-006
5.746000	1.70835e-006
5.748000	1.71051e-006
5.750000	1.71266e-006
5.752000	1.7148e-006
5.754000	1.71692e-006
5.756000	1.71903e-006
5.758000	1.72112e-006
5.760000	1.72319e-006
5.762000	1.72524e-006
5.764000	1.72725e-006
5.766000	1.72924e-006
5.768000	1.73119e-006
5.770000	1.7331e-006
5.772000	1.73498e-006
5.774000	1.73681e-006
5.776000	1.7386e-006
5.778000	1.74034e-006
5.780000	1.74203e-006
5.782000	1.74367e-006
5.784000	1.74525e-006
5.786000	1.74678e-006
5.788000	1.74825e-006
5.790000	1.74966e-006
5.792000	1.75101e-006
5.794000	1.75229e-006
5.796000	1.75351e-006
5.798000	1.75466e-006
5.800000	1.75574e-006
5.802000	1.75675e-006
5.804000	1.75768e-006
5.806000	1.75855e-006
5.808000	1.75934e-006
5.810000	1.76005e-006
5.812000	1.76069e-006
5.814000	1.76124e-006
5.816000	1.76172e-006
5.818000	1.76213e-006
5.820000	1.76245e-006
5.822000	1.76269e-006
5.824000	1.76285e-006
5.826000	1.76293e-006
5.828000	1.76294e-006
5.830000	1.76286e-006
5.832000	1.7627e-006
5.834000	1.76246e-006
5.836000	1.76214e-006
5.838000	1.76174e-006
5.840000	1.76126e-006
5.842000	1.7607e-006
5.844000	1.76007e-006
5.846000	1.75936e-006
5.848000	1.75857e-006
5.850000	1.75771e-006
5.852000	1.75678e-006
5.854000	1.75577e-006
5.856000	1.75469e-006
5.858000	1.75354e-006
5.860000	1.75233e-006
5.862000	1.75104e-006
5.864000	1.74969e-006
5.866000	1.74828e-006
5.868000	1.74681e-006
5.870000	1.74527e-006
5.872000	1.74368e-006
5.874000	1.74203e-006
5.876000	1.74033e-006
5.878000	1.73857e-006
5.880000	1.73677e-006
5.882000	1.73492e-006
5.884000	1.73302e-006
5.886000	1.73108e-006
5.888000	1.7291e-006
5.890000	1.72708e-006
5.892000	1.72503e-006
5.894000	1.72294e-006
5.896000	1.72083e-006
5.898000	1.71868e-006
5.900000	1.71651e-006
5.902000	1.71432e-006
5.904000	1.7121e-006
5.906000	1.70987e-006
5.908000	1.70762e-006
5.910000	1.70537e-006
5.912000	1.7031e-006
5.914000	1.70082e-006
5.916000	1.69854e-006
5.918000	1.69626e-006
5.920000	1.69398e-006
5.922000	1.6917e-006
5.924000	1.68943e-006
5.926000	1.68717e-006
5.928000	1.68492e-006
5.930000	1.68268e-006
5.932000	1.68046e-006
5.934000	1.67826e-006
5.936000	1.67608e-006
5.938000	1.67393e-006
5.940000	1.6718e-006
5.942000	1.66969e-006
5.944000	1.66762e-006
5.946000	1.66559e-006
5.948000	1.66358e-006
5.950000	1.66162e-006
5.952000	1.65969e-006
5.954000	1.65781e-006
5.956000	1.65597e-006
5.958000	1.65417e-006
5.960000	1.65242e-006
5.962000	1.65072e-006
5.964000	1.64907e-006
5.966000	1.64747e-006
5.968000	1.64593e-006
5.970000	1.64444e-006
5.972000	1.64301e-006
5.974000	1.64163e-006
5.976000	1.64032e-006
5.978000	1.63906e-006
5.980000	1.63787e-006
5.982000	1.63674e-006
5.984000	1.63567e-006
5.986000	1.63466e-006
5.988000	1.63372e-006
5.990000	1.63284e-006
5.992000	1.63203e-006
5.994000	1.63129e-006
5.996000	1.63061e-006
5.998000	1.63e-006
6.000000	1.62946e-006
